-0.0070568127	
-0.0022543442	
-0.0043968609	
-0.0018134596	
 0.013366291	
 0.018826127	
-0.025838918	
-0.0024674528	
 0.012437784	
-0.0069597502	
0.0043851297	
-0.006612622	
-0.0078397728	
0.0037782871	
0.0019925291	
0.0042654084	
 0.002106714	
0.0030577868	
0.0041339103	
0.0014797558	
 0.013658951	
-0.0096173765	
-0.0026392617	
-0.0027221949	
0.0026143632	
-0.0040002391	
-0.0052197292	
 0.017189043	
-0.0044265302	
-0.011679142	
-0.0081911259	
-0.013262501	
-0.0025815125	
0.0052038887	
-0.019851343	
0.0048969621	
-0.010125128	
0.0021527598	
0.0087376569	
-0.0035468112	
-0.014694059	
0.0044809088	
-0.00063489757	
 0.039328726	
 0.015074293	
-0.011894682	
 0.015614279	
-0.0019404016	
0.0035888645	
0.0010565713	
-0.0066263902	
-0.0085622195	
-0.018499164	
 0.030017388	
0.0095578357	
 0.012498484	
 -0.00782875	
0.0018550494	
-0.020016216	
-0.010723286	
-0.0046890595	
-0.012767185	
0.0072385126	
-0.00090843516	
 0.006281335	
0.0015858185	
0.0022663948	
-0.028607999	
0.0031701125	
 0.018070318	
0.0062513541	
-0.0069781245	
-0.0054828431	
-0.0054607345	
-0.0086878685	
0.0019966588	
-0.0013982803	
0.0058399278	
0.0068212699	
-0.017208173	
0.0034262647	
-0.0040584738	
 0.015707544	
-0.0024015867	
0.0025232727	
0.0057077399	
-0.0032312985	
0.0057101758	
-0.0011969823	
0.0035573491	
 0.002705308	
-0.0029259124	
0.0046265837	
0.0025830133	
-0.0046647152	
0.00074029526	
-0.0065822001	
-0.010149091	
0.0013904567	
0.0029850563	
-0.0051375937	
 0.011118655	
0.0041431713	
-0.0036584993	
-0.020584627	
0.0041294549	
-0.0013979974	
0.0062363793	
0.0057332905	
-0.0048377806	
-0.0022724966	
-0.0017661337	
-0.0061000519	
 0.011478761	
-0.001307018	
0.0069838063	
-0.006679668	
0.0049879633	
0.0016080521	
 0.018482571	
 0.011522327	
 0.019311945	
 0.017932454	
-0.0038174565	
-0.010867417	
-0.0024730358	
0.00046084749	
 0.011558558	
-0.0061265558	
-0.0011741153	
0.0020198623	
-0.010178103	
-0.0041622055	
-0.0032227728	
  -0.0103916	
-0.0012765921	
-0.0035222102	
-0.0059399105	
-0.0075964972	
 0.011016301	
0.0081699197	
0.0046593185	
0.0046081999	
-0.021590591	
-0.013508978	
0.0026008197	
-0.00057466128	
-0.0065780653	
-0.0065780653	
-0.0070669387	
-0.0036345428	
-0.0029752663	
 0.001472723	
-0.0093292855	
-0.00031449432	
0.0024427988	
 0.017043075	
0.0077854102	
-0.009623677	
-0.0081297598	
0.0062915969	
0.0004003789	
-0.007337073	
-0.0062167738	
0.00020136386	
0.0034231526	
 0.012293046	
 0.021804806	
-0.023738583	
0.0082965719	
-0.0097502569	
0.0097502569	
-0.0051924301	
0.0036603091	
0.0044741265	
-0.0057571677	
-0.0016744159	
 0.024534761	
0.0064865624	
-0.0028977462	
-0.00027260079	
-0.0053235955	
 0.021941469	
 0.012268342	
-0.0030955771	
 0.020869427	
-0.0071686111	
0.0021074507	
0.0067671546	
-0.0062354945	
 0.012735287	
-0.011281229	
 0.018764408	
-0.0035023007	
0.0034542533	
0.0038997477	
0.0023600882	
-0.0063892451	
0.0036004122	
 0.010219815	
-0.0029703289	
-0.0041435555	
0.0071439862	
0.0095259517	
 0.014201006	
0.0054769077	
-0.0014431033	
 0.011104092	
-0.0067898351	
0.0027693174	
-0.022858524	
0.0062757629	
0.0024280029	
2.2376672e-05	
-0.001882454	
-0.0097787699	
0.0016622158	
-0.00064532117	
0.0035030449	
-0.014915329	
-0.0089351653	
 0.009419448	
0.0011723854	
-0.0017271631	
-0.017118547	
0.0012513659	
 0.030169925	
-0.00039091088	
0.0069408629	
0.0081489863	
0.0094897097	
0.0092830318	
0.0041004019	
0.0042264252	
-0.0059088692	
-0.0081600083	
0.00033151386	
-0.0019169972	
-0.0077540241	
-0.0028261254	
-0.0051727393	
-0.0036436099	
0.0080079922	
-0.0025486053	
0.00034744139	
-0.012433113	
-0.015245735	
0.0038632787	
-0.0024986014	
-0.020863093	
-0.004261941	
-0.0047230273	
-0.0069314977	
-0.0053886499	
 0.012451361	
0.0033259642	
0.0066877024	
 0.009062232	
-0.0026682656	
0.0013443435	
-0.017817593	
-0.0011602394	
-0.0044149504	
-0.010701055	
-0.0060422931	
0.0071557671	
0.0038615222	
 0.012859635	
0.0033858178	
-0.00094693058	
0.0023712301	
-0.013585639	
-0.0071451142	
 0.005733213	
0.0013103996	
-0.002462863	
0.0017789705	
0.0086691719	
0.0050260979	
0.0058125316	
-0.014747028	
0.0033074251	
-0.001554897	
0.0022154756	
-0.011661147	
-0.0012512222	
0.0050895554	
  -0.0114181	
 0.017233939	
0.0032860464	
-0.014500246	
0.00049992522	
-0.00049216547	
0.0058493884	
 0.021853449	
0.00082119487	
0.0071507314	
-0.004363976	
-0.0051786729	
-0.0059924813	
-0.00035723672	
-0.022992067	
0.0033012176	
-0.00061588919	
0.0036849401	
 0.019661853	
 0.016190038	
-0.018466897	
0.00057760173	
0.0033753642	
0.0038162726	
0.0065325707	
0.0026840445	
0.00047835076	
0.00069146834	
0.00044732371	
 0.012621511	
0.0068155766	
-0.0070870773	
0.0054829286	
-0.010217729	
-0.0088861884	
0.00042921676	
 0.013647634	
-0.0019220104	
-0.0098470519	
0.0059500409	
-0.013701452	
-0.010195874	
 0.010711758	
0.00035869393	
 -0.00276518	
-0.0011029215	
 0.003266824	
-0.0099523841	
0.0050347368	
0.0071288496	
 0.012882751	
0.00019401982	
-0.0033546722	
0.0098212167	
-0.0061475773	
0.0034627115	
-0.0054022756	
-0.0012017229	
-0.003796667	
0.0052111755	
-0.0026881985	
-0.0077561705	
-0.013003865	
-0.0023013575	
  0.00742324	
 0.021800646	
-0.0047052002	
 0.023807269	
0.0061427257	
-0.013401434	
-0.0090157345	
0.00059850318	
-0.015137116	
 0.013259012	
-0.0062143917	
0.0090840551	
-0.0066596986	
0.0039708138	
-0.015151957	
0.0011587448	
-0.0023154966	
 0.010545618	
 0.013526889	
 0.007615639	
-0.0058726491	
 0.012692789	
-0.004713164	
 0.016627415	
-0.00068280244	
 0.013486538	
0.0046992043	
-0.0026010312	
-0.0055876673	
-0.0083007521	
-0.021172483	
0.0055167179	
0.0031543063	
-0.0029320652	
0.0011328728	
-0.0046439464	
-0.00047029603	
           0	
-0.0036023735	
0.0051662125	
 0.013850578	
0.0026904131	
 0.020931145	
 0.013223812	
-0.010049262	
0.0091038876	
0.0082047871	
-0.011968804	
0.0052772536	
0.00057093524	
-0.0035096907	
-0.0011733147	
-9.6679578e-05	
0.0010462261	
0.0067098852	
0.0013958365	
-0.0018862429	
-0.012157214	
0.00090842936	
-0.0096816377	
-0.0084535563	
0.00037450684	
0.0075488494	
-0.0081479514	
0.00019157877	
0.00039253505	
0.00056004192	
0.0021307085	
 0.023350416	
0.0044753733	
-0.011422463	
 0.010041092	
0.0025884934	
0.0030274148	
-0.0019199334	
-0.018096063	
-0.013195592	
 0.020524289	
-0.016629976	
-4.3953618e-05	
-0.0062772794	
-0.008351374	
0.0078020419	
0.0019374075	
0.0034106843	
-0.0038778774	
-0.0036155577	
0.0030625588	
-0.0016601788	
  0.01507592	
  0.01203035	
-0.00087026809	
0.0055270525	
0.0014655423	
0.0086357713	
 0.010390797	
-0.0065100418	
-0.0029944861	
0.0053322173	
0.0080537789	
-0.00030907712	
0.00097475401	
-0.0052247948	
0.0047638448	
0.0097650725	
0.0048607993	
-0.00027723804	
 -0.01396493	
0.0073184195	
0.0043005221	
 -0.00980111	
  0.01947204	
 0.021568982	
-0.0059544953	
-0.0019995985	
-0.0084166086	
-0.0068883328	
-0.0071725839	
-0.0094152363	
-0.0063291376	
-0.010880853	
0.0075264024	
-0.0072510572	
0.0021774755	
0.0026466657	
-0.0039674848	
-0.00096297008	
0.0019676429	
0.0079787403	
-0.0068777475	
 0.015834261	
0.0007098339	
0.0053652765	
 0.012618981	
-0.020108613	
  0.01915617	
-0.0061172116	
0.0099106957	
0.0059284212	
-0.022728635	
-0.0011193964	
-0.00054305647	
-0.0032723889	
0.0028069891	
-0.0060754877	
 0.011246501	
-0.012780356	
-0.0049812964	
-0.001993563	
 0.019837632	
 0.015421439	
-0.0096190701	
-0.0069560032	
0.0064018192	
-0.0035110453	
0.0058829374	
-0.003951426	
-0.0024876078	
-0.0092890336	
-0.0025188594	
0.0070063625	
 0.020220372	
-0.0089723752	
 -0.01181438	
0.00085695492	
-0.00085695492	
0.0020104769	
0.0017899261	
0.0063071377	
-0.0039136932	
0.0035523264	
 0.005304158	
0.00031430228	
 0.003546896	
-0.0072943364	
 0.012072029	
0.0029229227	
0.0073031021	
0.0086243184	
-0.016277195	
0.0072592451	
-0.0055931955	
 -0.02689001	
-0.0041822921	
0.0082712891	
-0.0098494203	
-0.0050431988	
-0.00098676566	
-0.011360915	
-0.0083477817	
-0.0029162131	
-0.017193326	
-0.016440289	
0.0025072078	
 0.010921873	
0.0025953641	
-0.011997504	
-0.014423753	
-0.0028956296	
0.0057556746	
-0.003308744	
-0.010906177	
 0.009993285	
  0.00137338	
0.0030924624	
2.6425553e-05	
 0.011912821	
 0.010276058	
0.0076769148	
-0.0054177672	
0.0024408494	
-0.011024853	
 0.002841045	
0.0050665186	
-0.012224055	
 0.011826012	
-0.0017214083	
-0.0067977655	
-0.0010008585	
 0.004077891	
-0.0037965858	
-0.011823607	
-0.0079614597	
 0.014725301	
-0.0078613883	
-0.0026710364	
-0.008569764	
-0.002509174	
-0.0042270602	
-0.00030879343	
-0.0017476004	
0.0048249114	
0.0014335835	
0.0050140941	
0.0062105862	
0.0019389361	
0.0082245628	
0.0050159438	
-0.0037066289	
0.00014391705	
-0.0013987387	
0.0015216171	
0.00060765593	
0.0086395462	
 0.016649058	
0.0069500525	
-0.00020593221	
-0.010952727	
 0.019408937	
 0.021354509	
0.0058730399	
0.00042760568	
-0.00028493306	
0.00028493306	
0.00036905487	
-0.018617088	
-0.011754657	
-0.00074716185	
-0.014185024	
-0.0057210964	
0.0058718871	
-0.021629021	
0.00014576781	
 0.015437062	
-0.0080879886	
 0.012457591	
 0.024916596	
-0.010423372	
-0.010487049	
0.0057961971	
-0.009506253	
 0.021334356	
-0.018800433	
-0.00010298163	
-0.00063295302	
0.0098197897	
-0.0063405195	
 -0.01165253	
-0.011298196	
-3.5708271e-06	
-0.0034251063	
 0.018046076	
0.0053915905	
-0.0026657314	
0.00059028868	
0.0091354354	
-0.0015064453	
-0.010209683	
0.0074032544	
0.0042739361	
-0.0072031505	
 0.004935355	
-0.0074381352	
0.00016316379	
0.0004227604	
0.0086690324	
-0.0080750621	
-0.00041573982	
0.0052552301	
-0.002098301	
-0.0018346213	
0.0082978952	
-0.0099219177	
 0.022107366	
-0.0094904507	
-0.0036905624	
-0.0014290714	
-0.0060788773	
-0.0022328504	
 0.023159613	
0.0038374546	
-0.0035312574	
-0.012622451	
-0.0011892561	
0.0028300463	
-0.0038781511	
0.0033011121	
-0.0043579346	
0.0070712641	
-0.0046121545	
-0.0026394257	
-0.0026394257	
-0.005261754	
-0.002922869	
-0.0060269744	
 -0.01101409	
-0.0022177769	
 0.025756502	
0.00077195292	
-0.0076631975	
-0.0034389093	
0.0018618862	
-0.0022429046	
-0.010928435	
 0.014740403	
 0.012779327	
0.0015648711	
0.0038348477	
-0.00010356234	
-0.016624826	
0.0034230569	
-0.0031682847	
0.0064431282	
-0.0018710939	
0.0045533002	
-0.0044320064	
-0.0039920374	
 0.014780785	
-0.0031053715	
-0.012500782	
-0.0042035158	
-0.0068224659	
-0.0030375778	
-0.0059811071	
-0.012639902	
-0.012242079	
-0.0047355096	
-0.0011207019	
0.0030489855	
-0.0007902566	
-0.0016574261	
0.0028530197	
0.0031199707	
0.00027685943	
-0.00086308355	
 0.014048398	
-0.0042655332	
-0.0042461415	
0.0038903698	
-0.00093086784	
-0.0033717551	
  0.01840695	
 -0.01350006	
-0.010212334	
 0.021397298	
-0.0057539193	
-0.0034848522	
-0.0022121832	
0.0023494889	
0.0016578819	
0.00067897166	
0.0044369577	
0.0067203985	
           0	
 0.014755906	
-0.004667524	
0.0058699875	
0.0080939556	
0.00084870317	
0.0070771983	
 0.011850374	
0.00038175921	
-0.0058267169	
-0.007588894	
-0.0023615448	
0.0049679905	
-0.0071211067	
 0.010674021	
-6.0049734e-06	
-0.0042213765	
-0.001053177	
0.0077602612	
0.0032327006	
-0.00053242028	
0.00046874424	
-0.0020216489	
-0.0015031581	
-0.010617519	
0.0065865541	
-0.0059375858	
0.00075620448	
0.0046933603	
0.00039340753	
  0.01012046	
-0.011368874	
-0.0092756974	
-0.0017450251	
0.0021237847	
-0.00081930505	
-0.018119565	
-0.0049292413	
-0.0015150193	
-0.0063109129	
0.0013898474	
 0.022166621	
0.0042830832	
 -0.01667841	
-0.008468142	
-0.017624709	
0.00047122738	
-0.0013354923	
0.0032828831	
0.0015860402	
-0.0042368918	
-0.00074261538	
-0.019015975	
 0.011728254	
-0.001167284	
0.0063979784	
-0.008530052	
-0.0040435602	
0.0059788525	
0.0039794728	
 0.014375681	
-0.0083823863	
0.0005376649	
-0.0036586329	
0.0035292014	
-0.003686227	
 0.013204898	
0.0072018404	
-0.016623826	
-0.00086283632	
 0.012145671	
-0.0075090273	
0.0077005117	
0.0045492232	
-0.001820338	
 0.010355474	
0.0026631469	
-0.032364679	
 0.016178217	
-0.0071586591	
-0.004169713	
0.0081363549	
 0.013673095	
-0.014307219	
0.0047652045	
-0.010166558	
-0.0035313461	
0.0031082171	
-0.016844989	
-0.012550816	
-0.0032772409	
-0.010603238	
0.0077262617	
0.0012205518	
-0.0057062855	
-0.0097059425	
-0.010555871	
-0.012805352	
 0.015270037	
-0.010796247	
 0.013794051	
0.0091287783	
0.0090534507	
0.0086980043	
0.0099805115	
-0.010607348	
 0.010283366	
0.0071538694	
 0.006928292	
-0.00047376992	
0.00047376992	
-0.005398757	
-0.0078228265	
0.0012689757	
-0.0099898067	
 0.002184541	
-0.0080720123	
-0.011755049	
-0.0018896596	
-0.0018389362	
-0.0021772914	
0.0050918299	
0.0055051013	
-0.0032723728	
 0.012940914	
0.00030263692	
-0.011282173	
 0.028691168	
 -0.02881897	
-0.025583453	
 0.014989407	
0.0081025282	
-0.0064372014	
0.0060261479	
-0.022453147	
0.00033171437	
-0.0051917769	
-0.0014186235	
-0.014296332	
 0.009289521	
0.0032455792	
-0.011294761	
-0.0065828785	
-0.0098025585	
0.0031851985	
-0.0036424675	
-2.0832331e-05	
-2.0832331e-05	
-0.0002020836	
 0.014718691	
-0.0076762913	
0.0060221029	
0.0052863723	
0.00048090959	
 0.021713156	
-0.0030812452	
0.0047418774	
0.0096699402	
-0.015459981	
 0.011192625	
-0.0009019627	
2.6987921e-05	
 0.011475428	
  0.01204175	
0.0037652207	
0.0062676098	
 0.014489566	
0.0055105961	
0.0068819657	
-0.014292577	
0.0088798024	
-0.0032341114	
0.0079162352	
-0.00046051947	
-0.0015310842	
0.0028742694	
-0.0094573936	
 0.012356702	
-0.0027753273	
-0.021760327	
-0.0017376639	
 0.003727764	
0.0040328263	
-0.0061904389	
-0.0025102885	
0.0056357778	
-0.0019818684	
  0.01367814	
-0.0018384403	
0.0021077488	
0.0026737536	
-0.005755582	
0.0084177422	
-0.0019364736	
0.0085580865	
0.0098012116	
-0.0045155104	
0.0078613495	
-0.00061146978	
 0.014040776	
-0.016047087	
0.0051624179	
-0.0062356515	
-0.0024587497	
 0.006323902	
-0.0060121871	
-0.0048956973	
-0.0027695497	
 0.006853118	
 0.019387301	
-0.0015106092	
-0.0010719267	
0.0043412499	
0.0049600041	
-0.00056292046	
0.0005180843	
-0.0085323303	
0.0055675246	
 0.015215842	
0.0065126973	
-1.2999164e-05	
-0.0048520151	
-0.018598987	
 0.014975295	
0.00041106158	
-0.0018889648	
0.0032999026	
-0.0059879973	
-0.012780956	
-0.0090964756	
-0.0088314286	
-0.0086329399	
-0.00053966371	
0.00084275247	
-0.0071145373	
0.0037683809	
-0.0021440896	
-0.00011447361	
 0.022414453	
0.0046696804	
-0.0070051242	
 0.012970949	
 0.017996205	
-0.00040516585	
-0.001237902	
 0.001943023	
-0.0064488589	
0.0058799606	
0.0029348179	
-0.0055597921	
-0.002585503	
-0.012235662	
0.0031647335	
0.0078473834	
 0.008067765	
-0.0018595081	
0.0024569775	
 0.018868555	
-0.010770843	
-0.016138499	
           0	
0.0079347934	
4.7033092e-16	
-0.0036339703	
-0.0065213552	
-0.0082457399	
0.0074907085	
0.00018922095	
 -0.01211645	
-0.014913507	
-0.0050889957	
0.0028557996	
0.0048551921	
0.0069234477	
 0.017057601	
0.0088661655	
 0.013599619	
-0.0012412117	
-0.0031667252	
0.0059485036	
-0.016166837	
 0.001666116	
-0.014244667	
-0.018312049	
0.0039622031	
0.0046686444	
0.0014680349	
-0.0023096647	
-0.00059916298	
-0.0067506639	
0.00078888281	
0.00054239812	
 0.013849054	
 0.014358044	
-0.016105785	
-0.0025363532	
-0.00096149642	
  0.01225957	
0.0061266549	
-0.011879097	
0.0027030694	
0.00052610827	
 0.014109292	
-0.012564012	
-0.0055059552	
0.0010799227	
           0	
-0.0036886451	
0.0015623257	
 0.011936719	
 0.026040481	
-0.007609117	
 0.011263999	
-0.00023834752	
-0.0030653844	
-0.011639278	
 0.013985709	
-0.0042118304	
-0.0075070029	
 -0.00507959	
-0.00056257493	
0.0081406881	
0.00046209344	
0.0025385356	
 -0.01216708	
-0.0092483384	
0.0010257416	
-6.4585775e-05	
-0.00031476057	
0.0059869969	
-0.0077395874	
-0.00067260416	
-0.012435754	
 0.020413889	
0.0065701391	
0.0020458165	
0.0053316443	
 0.010832486	
0.0008434357	
0.0016777081	
-0.0041308525	
  0.02376057	
 0.008089773	
0.0033143995	
0.0046172191	
-6.5193133e-05	
0.0039138281	
0.00048811203	
0.0044440029	
-0.0051930219	
0.0016798421	
 0.011625997	
-0.0019388023	
-0.00026318804	
 0.019261351	
0.0029232027	
-0.013361147	
-0.00056275626	
-0.0094386386	
0.0052749192	
-0.00059107626	
-0.0076036268	
0.0026970094	
-0.0034354779	
-0.037875595	
0.0050026573	
0.0012669658	
0.0051801595	
0.0040688515	
 0.010553021	
0.0023070467	
 0.011140669	
-0.022157408	
 0.013370384	
0.0045825927	
-0.0040225296	
0.0013984639	
 0.022064302	
0.00042998058	
0.0075626249	
 0.025782617	
 0.009806847	
-0.0048703656	
-0.011587258	
0.0070723523	
-0.0092017092	
-0.0013167892	
-0.0091342104	
0.0040584966	
0.00078611901	
-0.0031990498	
-0.0089545468	
-0.0093999988	
0.0039528741	
-0.0071607864	
-0.0010927626	
-0.0058960113	
  0.00763747	
 0.008983677	
0.0035549269	
 0.020982892	
 -0.01898287	
 0.010116529	
0.0010991585	
0.0067428045	
-0.0067147454	
-0.0068153612	
-0.0030392619	
-0.0048780124	
-0.0032823239	
-0.0012922272	
-0.020776198	
-0.002248713	
 0.014885395	
 0.012932658	
-0.0077721174	
-0.012247115	
0.0072022572	
-0.021350502	
0.0030509877	
0.0040673135	
 0.011291358	
0.0016029161	
-0.0045877387	
-0.0018488687	
0.0002762711	
-0.0074667105	
 0.011403233	
 0.014929853	
 0.003612152	
0.0074908831	
-0.0072510859	
0.0095169875	
-0.0076255089	
-0.012509545	
 0.010981051	
-0.0092010625	
0.0053661239	
0.0028056027	
-0.004758673	
-0.0046970691	
-0.010467666	
-0.014120495	
-0.010126135	
-0.021183091	
-0.0076097637	
0.0029954455	
-0.0078430509	
-0.0098707737	
0.00030370477	
-0.0013865216	
0.0065231033	
-0.011146919	
0.0058568209	
0.00015509873	
-0.009365541	
-0.0075996363	
0.00097431418	
0.0004456906	
-0.0018391441	
-0.00033302537	
-0.0015118328	
-0.0074350341	
-0.0040000005	
0.0089663198	
0.0076794365	
-0.005029885	
0.00033333098	
-0.0092240933	
-0.0012647616	
 0.023043845	
0.0085175898	
 0.004401013	
0.0082309589	
0.0086486128	
0.0020669368	
-0.0016620105	
0.0037283105	
-0.0021795152	
0.0018984714	
-0.0032588734	
-0.023013241	
-0.0042939152	
 0.026645393	
 0.024383419	
 0.019181814	
 0.016090675	
-0.0083297546	
-0.0025766332	
0.0056054392	
-0.036818763	
-0.0099225759	
0.0040358788	
 0.011484526	
-0.011340836	
-0.0020586717	
0.0077583865	
 0.025649492	
 0.013082999	
0.0034037795	
 0.004801003	
 0.024440285	
-0.0017953326	
 0.012797283	
-0.002620224	
-0.024032796	
-0.0079208479	
-0.012955405	
-0.0024305176	
-0.0064461033	
  0.01054805	
-0.00062073806	
-0.0054075364	
-0.0012126445	
 -0.01061742	
0.0087040366	
0.0046731489	
-0.026031872	
0.0066131304	
0.0086332456	
-0.0075942821	
-0.00055265697	
-0.0019892585	
-0.0055853612	
-0.0069000925	
-0.00091733058	
 0.014341009	
0.0030275009	
-0.014555131	
0.00035376986	
-0.0061131811	
-0.015649573	
-0.0078829627	
-0.0042353673	
-0.0040323954	
-0.00093150141	
-0.0016710997	
0.0061262351	
-0.0065592942	
0.0091044349	
0.0034181454	
-0.0033442968	
0.0048357393	
 0.013077453	
0.0088231031	
-0.0020505299	
-0.012725084	
 0.002436229	
-0.014201079	
-0.0021062442	
-0.0017822537	
-0.0023829701	
0.0051213728	
0.0060870096	
 -0.01840778	
 0.005061916	
-0.0061657352	
-0.0074047806	
0.0018923339	
0.0070970926	
0.0047059643	
-0.0036367827	
-0.0048809529	
0.0011669285	
0.0040557731	
4.2270961e-05	
-0.0096220666	
0.0020590431	
-0.011570665	
0.0003881596	
0.0055950815	
-0.022092923	
-0.023616089	
0.0023113415	
0.00088262526	
-0.022682808	
-0.008003351	
0.0030726618	
0.00088188142	
0.0032498214	
           0	
-0.0077947426	
-0.010809715	
-0.0020097028	
0.0042387158	
-0.0012325928	
-0.0056782082	
0.0074668991	
0.0015772056	
-0.0022237752	
0.0021513394	
-0.018825189	
-0.0044327973	
-0.018324321	
 0.011187758	
0.00030945533	
-0.010320442	
0.0032807837	
0.0035702668	
-0.0098965943	
0.0007102537	
 0.013411809	
 0.010329861	
0.0037227702	
-0.011594199	
0.0057795197	
-0.0012745755	
-0.006097893	
0.0029842651	
 0.010126658	
 0.004365722	
-0.0096333752	
0.0075291141	
0.0029634745	
0.0076513198	
0.0057694667	
0.0067244397	
-0.0017583424	
-0.0032005244	
-0.0008311688	
0.0074813215	
0.0099653928	
0.0036884419	
-0.0040424183	
-0.0028214805	
-0.003494719	
0.0019738782	
 0.010221723	
 0.010401131	
-0.0074378461	
 0.016599215	
0.0033096769	
0.00022201866	
0.0068876186	
 0.015115073	
-0.024597772	
-0.0052800714	
0.0017359567	
0.0052407197	
0.0060907658	
 0.013046823	
 0.014732366	
-0.014822737	
0.0025906399	
-0.0024124492	
-0.0056344332	
0.0085006528	
0.00015688617	
0.0040233387	
-0.0053586056	
0.0015846534	
-0.0034981263	
0.00061114853	
0.0039308369	
-0.00085375099	
0.0046357771	
0.0087915911	
-0.018185184	
-0.016077638	
0.0024510086	
-0.001173864	
-0.0034883397	
0.0053355863	
-0.0083538539	
0.0042242748	
0.0025336515	
 0.012896478	
0.0075138783	
-0.0049257304	
0.0057873465	
-0.0061748501	
-0.0023297839	
-0.0006123702	
0.0068144632	
-0.0085903304	
0.0037959999	
-0.013531301	
-0.019190713	
0.0032853175	
-0.00082174416	
0.0022732552	
0.0068170386	
0.0064763217	
-0.0049726919	
0.0045705662	
-1.3664972e-05	
0.0045490257	
0.0081561383	
0.0065858618	
-0.0046772307	
0.0021460959	
-0.015405754	
0.0072667008	
-0.012457951	
-0.021278462	
 0.013712729	
-0.018629922	
0.0036149228	
-0.0047208054	
-0.0030555453	
-0.0038999473	
-0.0023294057	
0.0013222457	
-0.018856229	
 0.010886774	
0.0099025121	
-0.0044762679	
0.00061188195	
0.0024277161	
0.0066287908	
0.0063104208	
-0.0080955508	
0.0052219828	
-0.021351623	
0.00091322736	
 0.011611032	
 0.011045983	
 0.003583463	
-0.0025125952	
0.0034330136	
 0.010982208	
0.0033098283	
 0.010245715	
-0.0037993414	
0.0075261519	
0.0098310925	
-0.011774705	
-0.010531885	
0.0043617208	
0.0029872217	
-0.002535599	
-0.013713843	
 0.018927517	
 0.023887568	
-0.0044044983	
 0.012876765	
 0.011937298	
-0.0028105798	
 0.013864599	
 -0.01263278	
-0.0051912187	
 0.010080908	
-0.0082763888	
0.0096250017	
-0.0083561942	
-0.011633129	
-0.0089559685	
0.0042336746	
-0.0023300371	
 0.017099254	
-0.011992871	
0.0033002684	
0.0015795401	
 0.015621342	
0.0039774585	
-0.0093513969	
0.00076193484	
-0.020768151	
-0.0017477134	
 0.002085526	
-0.010956065	
 0.013634802	
-0.0037157795	
-0.0037394602	
-0.0090110197	
0.0017887406	
-0.0091355576	
0.0020587913	
0.0023251792	
 0.015140329	
0.0038157936	
-0.011576457	
-0.00085687527	
-0.014958127	
-0.018507839	
-0.011984917	
-0.0043583331	
-0.00060548742	
 0.017304028	
-0.016316508	
0.00076894779	
0.00076894779	
0.0038248863	
0.0062739712	
 0.015433205	
-0.0047597251	
0.0062096368	
-0.0030912122	
0.00051451187	
0.0020679675	
-0.0054664313	
-0.0048745497	
 0.013389092	
0.0032497232	
 0.016915519	
-0.0024310507	
-0.006690187	
-0.0031881086	
 -0.01004795	
-0.0077677351	
0.0020621437	
-0.0037090995	
 0.025560879	
0.0016088696	
-0.0020839762	
-0.004325215	
0.0042991366	
-0.008003032	
  -0.0080726	
-0.0048528396	
-0.0054870795	
0.0075055527	
-0.0089468458	
-0.0011477847	
0.0060465766	
0.0040611712	
0.0062418484	
 0.001914757	
8.2492484e-05	
 0.011305245	
  -0.0127268	
-0.0010602047	
0.0012205102	
 0.014384753	
-0.013630401	
-0.0014467915	
0.0039676025	
0.0026316664	
0.0046114398	
-0.015090089	
-0.0035430111	
-0.0012555477	
-0.0027858943	
0.0048600983	
0.0019293675	
-0.016227609	
-0.012681031	
-0.0026616827	
0.0007727785	
0.0009395258	
-0.0048078784	
