SNPID	PedID	Loc	Rot	TBV	FixedEnvEffect	GxE_eff	phenotypes
 7935	 83545	  1	1	-1.1460091594	-3.50165372016	-1.3437456616071	-6.559799553e+00
 7935	 83545	  2	1	-1.1460091594	 2.05286944984	-0.6955693385597	-6.127496547e-02
 7935	 83545	  3	1	-1.1460091594	 0.75906926068	-1.3250191656799	-1.926237051e+00
 7935	 83545	  4	1	-1.1460091594	 4.01816233061	 0.8983585714160	 4.087855103e+00
 7935	 83545	  5	1	-1.1460091594	-2.80175122898	 1.0069208859029	-3.433388169e+00
 7935	 83545	  6	1	-1.1460091594	 0.50300097559	 0.4324178405042	 1.083988747e+00
 7935	 83545	  7	1	-1.1460091594	 0.95504467841	 1.2937844920476	-3.986328627e-01
 7935	 83545	  8	1	-1.1460091594	 0.70075598313	-0.8375537565962	-9.184063191e-01
 7935	 83545	  9	1	-1.1460091594	 3.21468915557	 0.7082038081170	 2.904098749e+00
 7935	 83545	 10	1	-1.1460091594	 4.00580309099	-1.3640671255098	 1.006630861e+00
 7935	 83545	  1	2	-1.1460091594	-3.50165372016	-1.3437456616071	-6.375093781e+00
 7935	 83545	  2	2	-1.1460091594	 2.05286944984	-0.6955693385597	 7.320304497e-01
 7935	 83545	  3	2	-1.1460091594	 0.75906926068	-1.3250191656799	-1.718461795e+00
 7935	 83545	  4	2	-1.1460091594	 4.01816233061	 0.8983585714160	 3.868852816e+00
 7935	 83545	  5	2	-1.1460091594	-2.80175122898	 1.0069208859029	-2.800485988e+00
 7935	 83545	  6	2	-1.1460091594	 0.50300097559	 0.4324178405042	-1.930612672e+00
 7935	 83545	  7	2	-1.1460091594	 0.95504467841	 1.2937844920476	 2.271871922e+00
 7935	 83545	  8	2	-1.1460091594	 0.70075598313	-0.8375537565962	-5.352698531e-01
 7935	 83545	  9	2	-1.1460091594	 3.21468915557	 0.7082038081170	 4.276038530e+00
 7935	 83545	 10	2	-1.1460091594	 4.00580309099	-1.3640671255098	 2.285309033e+00
 7935	 83545	  1	3	-1.1460091594	-3.50165372016	-1.3437456616071	-6.109435508e+00
 7935	 83545	  2	3	-1.1460091594	 2.05286944984	-0.6955693385597	 1.315167122e+00
 7935	 83545	  3	3	-1.1460091594	 0.75906926068	-1.3250191656799	-7.919268898e-01
 7935	 83545	  4	3	-1.1460091594	 4.01816233061	 0.8983585714160	 4.445730015e+00
 7935	 83545	  5	3	-1.1460091594	-2.80175122898	 1.0069208859029	-2.636206072e+00
 7935	 83545	  6	3	-1.1460091594	 0.50300097559	 0.4324178405042	 4.981046999e-01
 7935	 83545	  7	3	-1.1460091594	 0.95504467841	 1.2937844920476	 1.884307274e-01
 7935	 83545	  8	3	-1.1460091594	 0.70075598313	-0.8375537565962	-4.347291240e-01
 7935	 83545	  9	3	-1.1460091594	 3.21468915557	 0.7082038081170	 2.725927325e+00
 7935	 83545	 10	3	-1.1460091594	 4.00580309099	-1.3640671255098	 4.395469498e-02
 7935	 83545	  1	4	-1.1460091594	-3.50165372016	-1.3437456616071	-5.438322100e+00
 7935	 83545	  2	4	-1.1460091594	 2.05286944984	-0.6955693385597	 6.115356278e-01
 7935	 83545	  3	4	-1.1460091594	 0.75906926068	-1.3250191656799	-1.821940798e+00
 7935	 83545	  4	4	-1.1460091594	 4.01816233061	 0.8983585714160	 2.176587641e+00
 7935	 83545	  5	4	-1.1460091594	-2.80175122898	 1.0069208859029	-2.629854134e+00
 7935	 83545	  6	4	-1.1460091594	 0.50300097559	 0.4324178405042	-1.742952701e+00
 7935	 83545	  7	4	-1.1460091594	 0.95504467841	 1.2937844920476	 1.940524409e+00
 7935	 83545	  8	4	-1.1460091594	 0.70075598313	-0.8375537565962	-5.198038179e-01
 7935	 83545	  9	4	-1.1460091594	 3.21468915557	 0.7082038081170	 3.277040051e+00
 7935	 83545	 10	4	-1.1460091594	 4.00580309099	-1.3640671255098	 1.482906163e-02
  865	 34055	  1	1	-1.0531121080	-3.50165372016	-0.8523481185500	-6.454222685e+00
14546	129822	  1	1	-2.3157991258	-3.50165372016	-1.1267529488724	-6.770128648e+00
22923	188461	  1	1	-0.7781069824	-3.50165372016	-0.8205720425232	-6.446968019e+00
21974	181818	  1	1	-1.9165204155	-3.50165372016	-0.9325965404447	-6.912379466e+00
16964	146748	  1	1	-0.5243654524	-3.50165372016	-0.3710123166830	-4.525245859e+00
22248	183736	  1	1	-0.4560134089	-3.50165372016	-1.1085896586791	-4.559774626e+00
  638	 32466	  1	1	-0.0513679161	-3.50165372016	-0.0625205597949	-4.115767607e+00
23210	190470	  1	1	-0.8954877157	-3.50165372016	-1.0832012525690	-5.634362269e+00
15967	139769	  1	1	-0.6664322967	-3.50165372016	-1.7114232452668	-5.552794648e+00
15081	133567	  1	1	-0.3454275598	-3.50165372016	-0.9802190908717	-4.610130768e+00
22434	185038	  1	1	-0.8873178179	-3.50165372016	-0.8272709260985	-5.857406792e+00
 7604	 81228	  1	1	-1.8911839764	-3.50165372016	-1.6004470680601	-5.588952180e+00
19945	167615	  1	1	 0.3155994349	-3.50165372016	-1.4386625398381	-6.116170188e+00
23931	195517	  1	1	-3.1541259117	-3.50165372016	-0.6081156614153	-6.908833709e+00
 1366	 37562	  1	1	-0.6693503458	-3.50165372016	-0.9755399028520	-5.673282258e+00
20185	169295	  1	1	-0.2831633223	-3.50165372016	 0.2835173131466	-3.252461805e+00
21723	180061	  1	1	 0.2814031511	-3.50165372016	-1.7939851223209	-5.053430148e+00
 2111	 42777	  1	1	-1.9158367416	-3.50165372016	-1.4421371388689	-7.386337076e+00
14585	130095	  1	1	-1.3651315454	-3.50165372016	-0.9984710579918	-5.422797015e+00
18248	155736	  2	1	-0.6772563013	 2.05286944984	-0.6217637143649	 2.136966767e+00
17160	148120	  2	1	 0.9631801924	 2.05286944984	-0.4768612324055	 1.366158584e+00
24558	199906	  2	1	 0.7058698065	 2.05286944984	-0.1244408622559	 1.519729235e+00
10483	101381	  2	1	-0.2590395144	 2.05286944984	-0.5335815654394	 4.805983963e-01
11132	105924	  2	1	-0.3254539048	 2.05286944984	-0.3077227352669	 1.279614943e+00
 5850	 68950	  2	1	-0.9552076095	 2.05286944984	-0.5839635347578	 5.329707006e-01
19885	167195	  2	1	-0.8541774277	 2.05286944984	 0.1993489824391	 5.421057715e-01
16943	146601	  2	1	-1.4171552052	 2.05286944984	-0.8069407885137	-8.312404224e-01
20215	169505	  2	1	-0.2618783466	 2.05286944984	-0.9066259105684	 1.593756975e+00
  140	 28980	  2	1	-2.8357560981	 2.05286944984	-0.4413193300295	 3.235787255e-02
15486	136402	  2	1	-0.9485909305	 2.05286944984	 1.6105187408831	 3.228463260e+00
13726	124082	  2	1	 0.0442445454	 2.05286944984	-1.0688620996684	 1.505130016e+00
21890	181230	  2	1	-0.6046589539	 2.05286944984	-0.2956700383091	 6.505545327e-01
15755	138285	  2	1	-1.4625504332	 2.05286944984	 0.2207444881110	 1.838797316e+00
18287	156009	  2	1	-0.4766956864	 2.05286944984	 0.9099053291624	 1.955663333e+00
 6667	 74669	  2	1	-0.8234840324	 2.05286944984	-0.3940250973184	-2.664483180e-01
18035	154245	  2	1	-0.8368069613	 2.05286944984	-0.9444132710555	 2.352662096e-01
  829	 33803	  2	1	-1.0461692037	 2.05286944984	-0.4846573888314	 1.667521888e+00
15764	138348	  2	1	-1.2620562570	 2.05286944984	-0.8615608203471	 2.380061741e-01
15773	138411	  3	1	-0.8022000809	 0.75906926068	-0.7475072574321	 4.794037970e-02
 9554	 94878	  3	1	-1.3302946207	 0.75906926068	-0.1169691456674	-2.503178868e+00
 7416	 79912	  3	1	 0.4236852339	 0.75906926068	-0.2404928480768	 6.367151240e-01
 4092	 56644	  3	1	-0.0758723706	 0.75906926068	-0.2998682467331	 1.051718817e+00
 9017	 91119	  3	1	-0.7820219405	 0.75906926068	-1.2588809870497	-9.404685677e-01
15159	134113	  3	1	-0.4127034877	 0.75906926068	 0.1379427174079	 9.623544586e-01
 8280	 85960	  3	1	-1.7463085161	 0.75906926068	-0.4960028229537	-2.187302284e+00
19183	162281	  3	1	 0.0690963246	 0.75906926068	 0.1388496567195	 1.037930073e+00
23068	189476	  3	1	-0.6708863994	 0.75906926068	-0.2400610445152	-7.739105519e-01
16073	140511	  3	1	-1.5236967615	 0.75906926068	-2.2248457724087	-2.711238566e+00
11641	109487	  3	1	-1.3838434635	 0.75906926068	-0.8005440639603	-3.191839591e+00
11389	107723	  3	1	-1.3424647106	 0.75906926068	-0.1533925805216	-5.868203354e-01
18211	155477	  3	1	-0.5528164239	 0.75906926068	-0.5290105604718	-1.487479726e+00
  613	 32291	  3	1	-0.2258705798	 0.75906926068	-0.1498628141159	-5.187489341e-01
15135	133945	  3	1	-0.8375147828	 0.75906926068	 0.2386621400250	 2.484177760e-02
12794	117558	  3	1	-0.8715151581	 0.75906926068	 0.2398387219846	 3.142874600e-01
17071	147497	  3	1	-0.8399132713	 0.75906926068	-0.6477025938469	-1.127811258e+00
16871	146097	  3	1	-0.5707160239	 0.75906926068	 0.0331909765670	-1.314934238e-01
 3615	 53305	  3	1	-1.1798150825	 0.75906926068	-0.8236716126646	-9.724026355e-01
 1014	 35098	  4	1	 0.3765817124	 4.01816233061	 0.3590220219135	 4.986086196e+00
11635	109445	  4	1	-1.7411501419	 4.01816233061	 0.5286751373219	 1.915251182e+00
14405	128835	  4	1	 0.1543992610	 4.01816233061	-0.3811630881505	 2.825828363e+00
13159	120113	  4	1	-1.3822668783	 4.01816233061	 0.6209020134725	 3.812320635e+00
12743	117201	  4	1	-0.3982402840	 4.01816233061	-0.3153950508970	 3.727998287e+00
22958	188706	  4	1	-0.3945195547	 4.01816233061	-0.9923811052826	 2.330606649e+00
 9468	 94276	  4	1	-0.6076616414	 4.01816233061	-0.8247000953251	 5.663081090e+00
18869	160083	  4	1	-1.8789573344	 4.01816233061	-0.5944831285019	 1.628323772e+00
23154	190078	  4	1	-2.2463516268	 4.01816233061	-0.3362090720836	 1.511400044e+00
16894	146258	  4	1	-1.4324612399	 4.01816233061	 0.3605387706024	 2.281427342e+00
20981	174867	  4	1	-1.4110194511	 4.01816233061	 0.5190049275191	 1.636187245e+00
 5524	 66668	  4	1	-1.5114228755	 4.01816233061	 0.1623199132412	 3.057717393e+00
20217	169519	  4	1	-1.0270369558	 4.01816233061	 0.0434608539381	 2.600320991e+00
 1756	 40292	  4	1	-1.7965734673	 4.01816233061	 0.1895934466074	 3.059475855e+00
20452	171164	  4	1	-1.3843268742	 4.01816233061	 0.7598420563843	 4.061903246e+00
 1208	 36456	  4	1	 0.5988140172	 4.01816233061	-0.2504178985515	 2.964073691e+00
 3486	 52402	  4	1	-0.7129605478	 4.01816233061	-0.0080135344409	 4.865018096e+00
 5019	 63133	  4	1	-1.0230597324	 4.01816233061	-0.9060165200850	 3.017481261e+00
 4557	 59899	  4	1	-0.3312960850	 4.01816233061	-0.4497370861335	 3.874779893e+00
20045	168315	  5	1	-2.0964735664	-2.80175122898	 0.2946507096594	-5.093079031e+00
22751	187257	  5	1	-0.8228011956	-2.80175122898	 0.1613557121666	-4.168437688e+00
 7514	 80598	  5	1	-1.6479128418	-2.80175122898	 0.2730524186749	-3.845854977e+00
 9301	 93107	  5	1	-1.2261817710	-2.80175122898	 0.7725036359971	-2.207774501e+00
15116	133812	  5	1	-2.9042043394	-2.80175122898	 0.6101677458604	-4.624963449e+00
20024	168168	  5	1	-0.6329832953	-2.80175122898	 1.0056741792213	-2.952650683e+00
16686	144802	  5	1	 1.2638141452	-2.80175122898	 0.0384334304289	-1.327675943e+00
 3355	 51485	  5	1	-2.0057539869	-2.80175122898	 0.3365630262110	-4.075852794e+00
23061	189427	  5	1	-2.8986808368	-2.80175122898	 0.9279423416341	-5.559641259e+00
  844	 33908	  5	1	-2.7222284831	-2.80175122898	 0.2923170813613	-6.621436860e+00
18378	156646	  5	1	-1.8099290857	-2.80175122898	 0.6113642577050	-2.990756526e+00
  507	 31549	  5	1	-0.6575266908	-2.80175122898	 0.5779286210622	-1.747275732e+00
 1481	 38367	  5	1	-1.3320335192	-2.80175122898	-0.1822376335169	-4.794790512e+00
 6983	 76881	  5	1	-1.7796052214	-2.80175122898	-0.6165181313668	-6.371170538e+00
 9091	 91637	  5	1	-1.2627557892	-2.80175122898	 0.6827994539354	-2.922567591e+00
 1001	 35007	  5	1	-2.1227685405	-2.80175122898	 0.0181906996168	-3.325381834e+00
10912	104384	  5	1	-2.9954843733	-2.80175122898	-0.4643978182907	-5.477406785e+00
 9441	 94087	  5	1	 0.4105018783	-2.80175122898	 0.8154610320362	-1.821936710e+00
24875	202125	  5	1	-1.4326239440	-2.80175122898	-0.0285718947165	-4.521400981e+00
14076	126532	  6	1	-1.0322519868	 0.50300097559	 1.3211068652515	 1.337939563e-01
 1033	 35231	  6	1	-1.8150266281	 0.50300097559	 0.1636021605413	-1.263260220e+00
23644	193508	  6	1	-0.3994231206	 0.50300097559	 0.7174098017939	-4.357344848e-01
22545	185815	  6	1	 1.3952457344	 0.50300097559	 0.5347435819627	 1.811505329e+00
19665	165655	  6	1	-3.0415617273	 0.50300097559	 0.9478800556435	-1.715781893e+00
 8213	 85491	  6	1	-1.2250889685	 0.50300097559	 1.0073071137980	 2.069673621e-01
22415	184905	  6	1	-1.5268791050	 0.50300097559	 1.3749172178221	-7.874972075e-01
 8298	 86086	  6	1	-1.7849450426	 0.50300097559	 0.3482912057988	-1.112082216e+00
 1951	 41657	  6	1	-0.4928727137	 0.50300097559	 1.3500842691296	 7.030463139e-01
   10	 28070	  6	1	-0.4200073816	 0.50300097559	 0.5455020606675	 3.015337750e-01
 4354	 58478	  6	1	-1.2939175487	 0.50300097559	 0.6220144952934	-3.538355742e-01
 1206	 36442	  6	1	-1.5727572206	 0.50300097559	 1.9121134993779	-1.333815775e-01
10026	 98182	  6	1	-1.1421745275	 0.50300097559	 1.4910424398425	 9.152581700e-01
14196	127372	  6	1	-0.7848169188	 0.50300097559	 0.3941211244772	 1.885443550e+00
 5769	 68383	  6	1	-0.6978399688	 0.50300097559	-0.8523798459824	-1.135167302e+00
13591	123137	  6	1	-0.5131119603	 0.50300097559	 1.5598522896353	 6.140366700e-01
21123	175861	  6	1	-0.4719005772	 0.50300097559	 0.9017650293774	 7.770031305e-01
22295	184065	  6	1	-1.2014495289	 0.50300097559	 0.3554737804216	-3.963879690e-01
12846	117922	  6	1	-0.2771850828	 0.50300097559	 1.1482222558099	 1.313978197e+00
12598	116186	  7	1	-2.3592772678	 0.95504467841	 1.2550732002394	-7.293742473e-01
21781	180467	  7	1	-0.2917338971	 0.95504467841	 0.4186858093267	 1.414001921e+00
16926	146482	  7	1	-1.3387543569	 0.95504467841	 0.9871497633256	 3.992475919e-01
18408	156856	  7	1	-2.4232405701	 0.95504467841	 0.6924376267677	-1.231202945e+00
13370	121590	  7	1	-1.0774620428	 0.95504467841	 1.2136487795564	 2.371594335e+00
14227	127589	  7	1	-0.3231791642	 0.95504467841	 0.4797584967589	 6.646158764e-01
17513	150591	  7	1	-1.3669290957	 0.95504467841	 0.6735085989598	 1.415556272e+00
16770	145390	  7	1	-1.2873916932	 0.95504467841	 0.9174301635342	 7.155832151e-01
 1705	 39935	  7	1	 0.1142181334	 0.95504467841	 1.3919620227190	 2.901205427e+00
 4126	 56882	  7	1	-1.0567853887	 0.95504467841	 0.3102233850331	 4.127929276e-01
13865	125055	  7	1	 0.7443238969	 0.95504467841	 1.5004456480560	 4.063031964e+00
 8004	 84028	  7	1	 0.9037018149	 0.95504467841	 0.4423955644013	 1.374910274e+00
 8777	 89439	  7	1	-0.8734577415	 0.95504467841	 0.9393820679459	 2.654649865e+00
12941	118587	  7	1	-1.4049962421	 0.95504467841	 1.6156679766198	 9.390450359e-01
16352	142464	  7	1	-0.0925232142	 0.95504467841	 1.2509507995998	 2.358694819e+00
  474	 31318	  7	1	-1.1835565970	 0.95504467841	 0.2150589549462	-7.751731618e-02
21693	179851	  7	1	-1.8547014032	 0.95504467841	 0.5485534726809	-8.927654673e-01
12502	115514	  7	1	-1.2324915955	 0.95504467841	 0.1990433201206	-5.155297950e-01
13347	121429	  7	1	-0.2207720771	 0.95504467841	 0.7755996356906	-2.643173109e-02
 2863	 48041	  8	1	-2.1674851995	 0.70075598313	 0.2425574634642	-1.085289486e+00
22165	183155	  8	1	-1.5677758835	 0.70075598313	-0.2680460257230	-7.430298477e-01
19534	164738	  8	1	-1.9383059868	 0.70075598313	-0.1040603210615	-8.256437268e-01
12142	112994	  8	1	-1.0795641280	 0.70075598313	-0.1821851513582	-1.298840524e+00
21069	175483	  8	1	-0.4983815445	 0.70075598313	-0.0580953071531	 8.125928874e-01
 4751	 61257	  8	1	-1.4821687243	 0.70075598313	-0.6707154694108	-6.278248792e-01
 3931	 55517	  8	1	-1.7861777750	 0.70075598313	-0.6985862831414	-6.417237182e-01
   17	 28119	  8	1	-0.4154541556	 0.70075598313	-1.7545575177021	-2.055097835e+00
 4779	 61453	  8	1	-1.6920113700	 0.70075598313	-0.3927515934702	-1.318120639e+00
23497	192479	  8	1	-0.9774986376	 0.70075598313	-0.5144759538733	 5.627822438e-01
 4630	 60410	  8	1	-1.4383447215	 0.70075598313	-0.2653813724535	 5.102393680e-01
14228	127596	  8	1	-0.7501609556	 0.70075598313	-0.3569631616897	-1.060054593e+00
24554	199878	  8	1	-0.9527668130	 0.70075598313	-0.5337410104138	 3.507958677e-01
13754	124278	  8	1	-0.2815463332	 0.70075598313	-0.1078564139438	 6.037106838e-01
11038	105266	  8	1	 0.4120477923	 0.70075598313	-1.2522095585549	-5.876856137e-01
 2134	 42938	  8	1	-0.9308522322	 0.70075598313	 0.1527066116532	 2.066139734e+00
18178	155246	  8	1	-0.2243589722	 0.70075598313	-0.1897849924306	 1.699884870e-01
15740	138180	  8	1	-1.8186337907	 0.70075598313	-0.2994718543302	-1.779445726e-01
10948	104636	  8	1	-3.2572323383	 0.70075598313	-0.3239050220695	-3.204871178e+00
20242	169694	  9	1	-1.5008127110	 3.21468915557	 0.2341875468685	 2.419413918e+00
13324	121268	  9	1	-2.3705455582	 3.21468915557	-0.2746125311556	 1.327896506e+00
 6464	 73248	  9	1	-0.8095085655	 3.21468915557	-0.1370832895209	 2.318486579e+00
 7228	 78596	  9	1	-0.4002847814	 3.21468915557	-0.7553774493541	 3.808269155e-01
 2801	 47607	  9	1	-2.5614429771	 3.21468915557	-0.3363406941573	 5.619822637e-01
 1336	 37352	  9	1	-1.2293287657	 3.21468915557	 0.3751749544942	 7.401051935e-02
 9286	 93002	  9	1	-0.5965396962	 3.21468915557	 0.6034570207647	 2.328890589e+00
18186	155302	  9	1	 0.0113648126	 3.21468915557	 0.4479637527513	 3.793502908e+00
11053	105371	  9	1	-1.8342446130	 3.21468915557	 0.5856359044547	 1.968940805e+00
16238	141666	  9	1	-2.4078754853	 3.21468915557	-0.1727130495171	 7.719781718e-01
 1675	 39725	  9	1	-1.8328496235	 3.21468915557	-1.0120701348610	-7.914540647e-01
18110	154770	  9	1	-2.3147177676	 3.21468915557	-0.7420986534270	 1.535645012e+00
19152	162064	  9	1	-2.7314853146	 3.21468915557	-0.3422708127002	-9.306233680e-02
 1161	 36127	  9	1	-0.2758266224	 3.21468915557	 0.0637668097855	 3.910243023e+00
13345	121415	  9	1	-1.2369693036	 3.21468915557	 0.4551208673497	 4.051142833e+00
10209	 99463	  9	1	-1.1285773900	 3.21468915557	 0.1402147853376	 3.203321675e+00
 7333	 79331	  9	1	-1.8500239131	 3.21468915557	 0.1989772370777	 6.583165142e-01
15254	134778	  9	1	-0.9154663370	 3.21468915557	-0.1681100105917	 1.554466176e+00
 4507	 59549	  9	1	-1.1434410233	 3.21468915557	 0.1916936989566	 2.238416403e+00
17731	152117	 10	1	-0.8533091599	 4.00580309099	-1.5636562237423	 2.150129477e+00
 7329	 79303	 10	1	-1.4785183076	 4.00580309099	-0.3173932219212	 2.310965754e+00
19811	166677	 10	1	-1.2016332519	 4.00580309099	-0.8339663215686	 2.823582003e+00
  122	 28854	 10	1	-1.0135933854	 4.00580309099	 0.5016501251096	 2.938135222e+00
19563	164941	 10	1	-1.9799219723	 4.00580309099	-0.3778108045014	 8.314330054e-01
 7264	 78848	 10	1	-1.0035517419	 4.00580309099	 0.5230516883319	 4.538949611e+00
 6075	 70525	 10	1	-1.1173230015	 4.00580309099	-0.5933577690282	 2.174973821e+00
21973	181811	 10	1	-1.2221086692	 4.00580309099	-1.0531118313294	 9.345464087e-01
15086	133602	 10	1	 0.0116991845	 4.00580309099	-0.6553673530694	 1.638438046e+00
17062	147434	 10	1	 0.7659357644	 4.00580309099	 0.1799038484806	 5.457279255e+00
20088	168616	 10	1	-0.1396545948	 4.00580309099	 0.1397418776545	 5.108680633e+00
 1482	 38374	 10	1	-1.3436985672	 4.00580309099	-0.1608997770352	 8.930498938e-01
16698	144886	 10	1	 0.0262902260	 4.00580309099	-0.0353729723912	 3.458811249e+00
 4845	 61915	 10	1	-1.2101395401	 4.00580309099	-0.2592985071458	 2.690604829e+00
 4324	 58268	 10	1	-0.9460715115	 4.00580309099	-0.1669574908714	 1.474039322e+00
21168	176176	 10	1	-1.0486202848	 4.00580309099	 0.0122812378468	 2.129753057e+00
 3434	 52038	 10	1	-2.0498613786	 4.00580309099	-0.4646002026296	-4.263625581e-01
  595	 32165	 10	1	-1.8844922885	 4.00580309099	-0.7133062744080	 2.305954540e+00
11307	107149	 10	1	-1.7325603065	 4.00580309099	-1.0075494953538	 2.279602255e+00
18248	155736	  1	2	-0.6772563013	-3.50165372016	-1.1383715605211	-5.482577607e+00
17160	148120	  1	2	 0.9631801924	-3.50165372016	-1.0564949526520	-2.398609581e+00
24558	199906	  1	2	 0.7058698065	-3.50165372016	-1.4596413401243	-3.109116408e+00
10483	101381	  1	2	-0.2590395144	-3.50165372016	-1.7041354342407	-6.370226574e+00
11132	105924	  1	2	-0.3254539048	-3.50165372016	-0.6068576971977	-5.787110647e+00
 5850	 68950	  1	2	-0.9552076095	-3.50165372016	-0.8711130453522	-5.246469047e+00
19885	167195	  1	2	-0.8541774277	-3.50165372016	-1.0613566590403	-6.351175423e+00
16943	146601	  1	2	-1.4171552052	-3.50165372016	-0.5982579835056	-5.981978972e+00
20215	169505	  1	2	-0.2618783466	-3.50165372016	-1.2621000632198	-5.114131416e+00
  140	 28980	  1	2	-2.8357560981	-3.50165372016	-1.1192738099418	-7.811085947e+00
15486	136402	  1	2	-0.9485909305	-3.50165372016	-0.3350466606955	-4.773978742e+00
13726	124082	  1	2	 0.0442445454	-3.50165372016	-0.5531940645896	-4.816472070e+00
21890	181230	  1	2	-0.6046589539	-3.50165372016	-1.3824737632165	-4.554524143e+00
15755	138285	  1	2	-1.4625504332	-3.50165372016	-1.0382715567063	-5.495251088e+00
18287	156009	  1	2	-0.4766956864	-3.50165372016	-1.6599946747994	-5.048186249e+00
 6667	 74669	  1	2	-0.8234840324	-3.50165372016	-2.0251749869404	-6.789654231e+00
18035	154245	  1	2	-0.8368069613	-3.50165372016	-0.6495161989745	-7.361370135e+00
  829	 33803	  1	2	-1.0461692037	-3.50165372016	-1.3901880408289	-6.269512720e+00
15764	138348	  1	2	-1.2620562570	-3.50165372016	-0.3914759204666	-5.062599613e+00
15773	138411	  2	2	-0.8022000809	 2.05286944984	-0.2295849303601	 2.032629103e+00
 9554	 94878	  2	2	-1.3302946207	 2.05286944984	-1.2016207732685	 1.118447639e-01
 7416	 79912	  2	2	 0.4236852339	 2.05286944984	-0.3953286151323	 1.090540246e+00
 4092	 56644	  2	2	-0.0758723706	 2.05286944984	 0.0577889077088	 2.215624178e+00
 9017	 91119	  2	2	-0.7820219405	 2.05286944984	 0.4318296976526	 1.334775363e+00
15159	134113	  2	2	-0.4127034877	 2.05286944984	 0.2962589513040	 1.296313864e+00
 8280	 85960	  2	2	-1.7463085161	 2.05286944984	 0.0410547028769	-3.740402467e-01
19183	162281	  2	2	 0.0690963246	 2.05286944984	-0.5506462953290	 2.670959415e+00
23068	189476	  2	2	-0.6708863994	 2.05286944984	-0.4824973940652	 2.253467640e+00
16073	140511	  2	2	-1.5236967615	 2.05286944984	 0.0570763607938	 1.238065084e+00
11641	109487	  2	2	-1.3838434635	 2.05286944984	-0.9917285614562	 4.715428791e-01
11389	107723	  2	2	-1.3424647106	 2.05286944984	-0.2076319038611	 1.132242206e+00
18211	155477	  2	2	-0.5528164239	 2.05286944984	 0.1405209941308	 1.951752381e+00
  613	 32291	  2	2	-0.2258705798	 2.05286944984	 0.0145362593440	 2.883837067e+00
15135	133945	  2	2	-0.8375147828	 2.05286944984	-1.5388820456669	-4.399204224e-01
12794	117558	  2	2	-0.8715151581	 2.05286944984	-0.3789148265754	 9.183481146e-01
17071	147497	  2	2	-0.8399132713	 2.05286944984	-0.0126467813782	 1.107098581e+00
16871	146097	  2	2	-0.5707160239	 2.05286944984	-0.2872410507507	 1.494976607e+00
 3615	 53305	  2	2	-1.1798150825	 2.05286944984	 0.8780876616076	 7.316007840e-01
 1014	 35098	 10	2	 0.3765817124	 4.00580309099	-0.8433343568886	 1.986591962e+00
11635	109445	 10	2	-1.7411501419	 4.00580309099	-0.6208162225891	 1.554595277e+00
14405	128835	 10	2	 0.1543992610	 4.00580309099	 0.0115788209582	 3.893396081e+00
13159	120113	 10	2	-1.3822668783	 4.00580309099	-1.1194462996385	 8.705913661e-02
12743	117201	 10	2	-0.3982402840	 4.00580309099	-0.0696150149831	 2.798732704e+00
22958	188706	 10	2	-0.3945195547	 4.00580309099	-0.4418885661243	 3.634198834e+00
 9468	 94276	 10	2	-0.6076616414	 4.00580309099	 0.4595713199689	 4.073943682e+00
18869	160083	 10	2	-1.8789573344	 4.00580309099	 0.0257144899437	 2.604581173e+00
23154	190078	 10	2	-2.2463516268	 4.00580309099	-0.3307336075533	 2.354375802e+00
16894	146258	 10	2	-1.4324612399	 4.00580309099	-0.6522363864677	 1.823644829e+00
20981	174867	 10	2	-1.4110194511	 4.00580309099	-0.7079717257739	 7.362723773e-01
 5524	 66668	 10	2	-1.5114228755	 4.00580309099	 0.5439154850952	 2.777824204e+00
20217	169519	 10	2	-1.0270369558	 4.00580309099	-1.0006037729500	 2.838591021e+00
 1756	 40292	 10	2	-1.7965734673	 4.00580309099	-0.3489715456982	 1.539064445e+00
20452	171164	 10	2	-1.3843268742	 4.00580309099	-0.1473663296345	 2.899240452e+00
 1208	 36456	 10	2	 0.5988140172	 4.00580309099	-0.8459805130091	 2.449884986e+00
 3486	 52402	 10	2	-0.7129605478	 4.00580309099	 0.0147573589056	 2.078045283e+00
 5019	 63133	 10	2	-1.0230597324	 4.00580309099	 0.1675396256308	 3.574954047e+00
 4557	 59899	 10	2	-0.3312960850	 4.00580309099	-0.5180783801916	 3.572970249e+00
13973	125811	  7	2	-1.9358106624	 0.95504467841	 0.5561646374160	 1.038795449e+00
18630	158410	  7	2	-0.2813818544	 0.95504467841	 0.3421320186262	 1.301679656e-01
13993	125951	  7	2	-0.4165272064	 0.95504467841	 0.6834540918514	 1.402918061e+00
17096	147672	  7	2	-0.5022607968	 0.95504467841	 0.5128386144220	 9.703259557e-02
12565	115955	  7	2	-1.8547351840	 0.95504467841	 0.3429890527907	 3.064758073e-01
 7988	 83916	  7	2	-1.9583581923	 0.95504467841	 0.9796528620945	-4.218013483e-01
 6813	 75691	  7	2	 0.8568522466	 0.95504467841	 0.8478971423562	 2.297748857e+00
 9768	 96376	  7	2	-1.3773549210	 0.95504467841	 0.6599169048786	 3.700226721e-01
 2477	 45339	  7	2	-0.6592249918	 0.95504467841	 0.8109372614184	-1.758981364e-01
 4259	 57813	  7	2	-0.8558917765	 0.95504467841	 1.2250265539045	 1.657076054e+00
14866	132062	  7	2	-1.0299085068	 0.95504467841	 0.0449760730879	 3.573506897e-01
13744	124208	  7	2	-0.1789122053	 0.95504467841	 1.0453145649981	 5.794335637e-01
18382	156674	  7	2	-1.0042460787	 0.95504467841	 0.6821507373786	 8.184979862e-01
23357	191499	  7	2	-2.2575679755	 0.95504467841	 0.0927430105945	-1.030827009e+00
17030	147210	  7	2	-1.5885332476	 0.95504467841	 0.9372860535049	 1.000128105e+00
 8513	 87591	  7	2	-0.3131013115	 0.95504467841	 1.1725271854800	 1.833004979e+00
  178	 29246	  7	2	-1.6078751330	 0.95504467841	 0.8443735616555	 1.648838504e-01
22572	186004	  7	2	-1.2686261411	 0.95504467841	 0.6898576765053	-5.440120827e-01
11740	110180	  7	2	-1.3893330015	 0.95504467841	 1.1149632930288	 2.664753734e+00
10512	101584	  5	2	-0.9247834220	-2.80175122898	 0.6519675608134	-3.019849095e+00
11269	106883	  5	2	-1.5344087525	-2.80175122898	 0.7231362721019	-2.030321412e+00
 5832	 68824	  5	2	-1.6216583258	-2.80175122898	 1.3538678871938	-3.111540700e+00
22086	182602	  5	2	-0.6943216743	-2.80175122898	 0.0600166348079	-3.878840214e+00
16518	143626	  5	2	-0.1535747612	-2.80175122898	 1.2486126336749	-3.612857925e+00
16777	145439	  5	2	-0.2260785875	-2.80175122898	 1.2946626468564	-1.221607949e+00
16028	140196	  5	2	 0.3857394727	-2.80175122898	-0.9609424850487	-3.856044033e+00
 1131	 35917	  5	2	-2.1093358599	-2.80175122898	-0.3731175893130	-6.102741922e+00
 1135	 35945	  5	2	-2.1000789169	-2.80175122898	 0.0342819217675	-4.647798392e+00
  980	 34860	  5	2	-0.9492295458	-2.80175122898	 0.0342780641689	-2.588986814e+00
 8083	 84581	  5	2	 1.1641003412	-2.80175122898	 0.3586695022420	-2.388457582e+00
20353	170471	  5	2	 0.3644681304	-2.80175122898	 0.0339933712535	-2.076882833e+00
 7766	 82362	  5	2	-1.8244448284	-2.80175122898	-0.0312426175854	-4.420269468e+00
  492	 31444	  5	2	-0.4422780822	-2.80175122898	 1.3102246620877	-2.825645944e+00
 6054	 70378	  5	2	-0.7765336540	-2.80175122898	 0.9845436729410	-2.879426762e+00
   33	 28231	  5	2	-1.1775772298	-2.80175122898	 0.6149548359891	-2.910485968e+00
13480	122360	  5	2	-1.1966533059	-2.80175122898	-0.1462820802104	-4.281715790e+00
24913	202391	  5	2	-3.2436010632	-2.80175122898	-0.4825265962521	-6.164522761e+00
 5450	 66150	  5	2	-1.2304570004	-2.80175122898	 0.6450344239580	-2.508619301e+00
  270	 29890	  9	2	-0.7255422295	 3.21468915557	-0.0438635628113	 3.064565420e+00
16228	141596	  9	2	-1.1145361251	 3.21468915557	-0.0774650306678	 2.573629197e+00
19226	162582	  9	2	-1.7517443867	 3.21468915557	 0.4415410164290	 1.978752491e+00
 1221	 36547	  9	2	-1.5777016129	 3.21468915557	 0.2807200080192	 1.408435663e+00
20241	169687	  9	2	-1.0542621786	 3.21468915557	 0.5405138385148	 2.472289785e+00
16139	140973	  9	2	-1.8489868453	 3.21468915557	 0.8929935839530	 3.160046618e+00
 9108	 91756	  9	2	-0.4411672113	 3.21468915557	 0.1449022695072	 2.564961950e+00
19244	162708	  9	2	-2.0002721475	 3.21468915557	 0.2707893553926	 5.148902431e-01
23244	190708	  9	2	-1.3419618168	 3.21468915557	 0.3274076705810	 3.237345658e+00
 8329	 86303	  9	2	-2.1769889351	 3.21468915557	-0.1721424449389	-3.354244036e-01
  142	 28994	  9	2	-2.0697891487	 3.21468915557	-0.6680584295464	-1.974334751e-01
 2198	 43386	  9	2	-1.3258393958	 3.21468915557	 0.8161267610952	 2.708069971e+00
  920	 34440	  9	2	-2.2729342156	 3.21468915557	 0.9666637121737	 2.692082786e+00
24857	201999	  9	2	 0.5354867034	 3.21468915557	-0.1768113753024	 4.978745760e+00
 6264	 71848	  9	2	-1.3597512036	 3.21468915557	-0.5939995430157	 9.675977506e-01
15275	134925	  9	2	-1.3306084368	 3.21468915557	 0.8152718016894	 3.840455569e+00
 1671	 39697	  9	2	-1.6156377668	 3.21468915557	-0.4758316165884	 6.252713127e-01
19513	164591	  9	2	-0.0745690442	 3.21468915557	 0.5706830385669	 3.502288532e+00
 2611	 46277	  9	2	-0.0918531745	 3.21468915557	-0.6876659718863	 2.432469641e+00
 6370	 72590	  4	2	-1.7661390730	 4.01816233061	-0.0795050979760	 2.384119923e+00
14556	129892	  4	2	-1.9782378194	 4.01816233061	-0.8408628333505	 3.997662982e-01
  309	 30163	  4	2	-1.2489858959	 4.01816233061	-0.6357140228882	 3.371714411e+00
16476	143332	  4	2	-0.3545941226	 4.01816233061	 0.2232365391042	 1.407587600e+00
  391	 30737	  4	2	-1.9956785627	 4.01816233061	-0.4803510104227	 1.466030609e+00
11599	109193	  4	2	-0.2231633764	 4.01816233061	 0.0488878237773	 3.718811036e+00
19057	161399	  4	2	-1.3968523636	 4.01816233061	 0.1788068291931	 2.404199941e+00
 2743	 47201	  4	2	-1.3879664153	 4.01816233061	-0.6452080826474	 2.084173105e+00
 2402	 44814	  4	2	-2.5087347689	 4.01816233061	-0.4274676791552	 1.579430624e+00
11925	111475	  4	2	-1.2730079293	 4.01816233061	-0.2385310678080	 3.049667866e+00
15423	135961	  4	2	-1.9362352258	 4.01816233061	-0.3139701835530	 1.965541872e+00
16278	141946	  4	2	-1.0152213747	 4.01816233061	-0.0867938682932	 2.313077698e+00
15743	138201	  4	2	-0.5811097719	 4.01816233061	-1.1871853436960	 2.521442833e+00
16734	145138	  4	2	-1.6967381521	 4.01816233061	 0.2641110492276	 2.555599229e+00
23959	195713	  4	2	-0.9543329370	 4.01816233061	-0.0610328615333	 3.597849221e+00
12775	117425	  4	2	 0.1979790905	 4.01816233061	 0.3318151888794	 5.324369140e+00
14150	127050	  4	2	 0.2322575277	 4.01816233061	 0.3457467184244	 3.914024630e+00
 8466	 87262	  4	2	-0.9435759614	 4.01816233061	-0.0026494978482	 1.976634435e+00
 7814	 82698	  4	2	-0.1825010486	 4.01816233061	-0.7212575036302	 2.835628860e+00
17666	151662	  6	2	-0.6031835287	 0.50300097559	 2.2677232322416	 1.543165283e+00
 2088	 42616	  6	2	-1.4365694477	 0.50300097559	 0.3395537641646	-1.236962411e+00
  906	 34342	  6	2	-0.7959008196	 0.50300097559	 1.3088444178239	 1.513285331e+00
 6419	 72933	  6	2	-0.9908856356	 0.50300097559	 0.1422028362946	-2.005405559e-01
23340	191380	  6	2	-1.8726253762	 0.50300097559	 0.9206927228644	 6.327851528e-01
19549	164843	  6	2	-0.0934665148	 0.50300097559	-0.1948940243182	-1.342181147e+00
 5118	 63826	  6	2	-1.5482118951	 0.50300097559	 1.7058727638682	 7.088734107e-01
10044	 98308	  6	2	-2.1686033890	 0.50300097559	 1.9508178814875	 6.831849290e-01
17244	148708	  6	2	-1.6219899377	 0.50300097559	 1.4262522315984	-1.831069159e+00
18500	157500	  6	2	-0.1579523932	 0.50300097559	 1.3459771907535	 1.408825555e+00
 1713	 39991	  6	2	 0.0870348353	 0.50300097559	 0.6667833967578	 3.234127384e+00
 6650	 74550	  6	2	-1.1161725200	 0.50300097559	 0.9156441911361	 2.046187489e-01
  345	 30415	  6	2	-2.7908919908	 0.50300097559	 0.5307924812710	-2.427916041e+00
18290	156030	  6	2	-0.0071699972	 0.50300097559	 2.1046857015985	 3.079581695e+00
21185	176295	  6	2	-1.4300442869	 0.50300097559	 1.2590959008845	 7.190413267e-01
16795	145565	  6	2	-0.3879926458	 0.50300097559	 0.6388612039384	 2.165817219e+00
13448	122136	  6	2	-0.9334603265	 0.50300097559	 0.7499301941652	 9.983835080e-01
 9600	 95200	  6	2	-0.2940344969	 0.50300097559	 0.5896185847178	 1.196231879e+00
16183	141281	  6	2	-0.6426962783	 0.50300097559	 1.0725908648945	 1.228835840e+00
21528	178696	  3	2	-0.9694237742	 0.75906926068	-0.7483446469170	-1.712437664e+00
  123	 28861	  3	2	-2.2831803407	 0.75906926068	 0.2588831640193	-2.224209862e-01
10020	 98140	  3	2	-0.3520504226	 0.75906926068	-0.5796260910441	 1.401584593e+00
 7620	 81340	  3	2	 0.4197526586	 0.75906926068	-1.1123245855210	-4.827761102e-01
13980	125860	  3	2	-2.0418851023	 0.75906926068	-1.5736530183567	-1.354099043e+00
22478	185346	  3	2	-0.4322005052	 0.75906926068	-0.8874718319024	-9.100246494e-01
 9524	 94668	  3	2	-1.0130161315	 0.75906926068	-0.1027550623594	-4.790117189e-01
14563	129941	  3	2	-0.4066978692	 0.75906926068	-0.3870804764832	 9.990027383e-01
 5257	 64799	  3	2	-0.2376113050	 0.75906926068	-0.3491462911382	 8.192048257e-01
14876	132132	  3	2	-1.0127054026	 0.75906926068	-1.2709850579653	-4.013788680e+00
18010	154070	  3	2	-0.8115612577	 0.75906926068	-0.4016469930623	-6.897213779e-02
 5095	 63665	  3	2	-0.7828849627	 0.75906926068	-1.0041876162340	-1.310479009e+00
 3186	 50302	  3	2	-2.9186664685	 0.75906926068	-0.5043115113222	-2.844267560e+00
15340	135380	  3	2	-2.8935750085	 0.75906926068	-1.6470052407957	-5.215003865e+00
 1548	 38836	  3	2	-1.6629099142	 0.75906926068	 0.0203561690138	-9.085005065e-01
23111	189777	  3	2	 0.2988298834	 0.75906926068	-1.5078885249665	 2.965804108e-01
24491	199437	  3	2	-0.3827791920	 0.75906926068	-0.9541385363642	-3.479736427e-01
22102	182714	  3	2	-1.3880386026	 0.75906926068	-0.9806562504329	-2.605034126e+00
13035	119245	  3	2	-1.3421721979	 0.75906926068	-0.8871554256734	-1.592021019e+00
13928	125496	  8	2	-0.7853419762	 0.70075598313	-0.5692720054797	-1.399179768e+00
24179	197253	  8	2	-0.5017717030	 0.70075598313	-0.5233042976967	-9.239018778e-02
 5466	 66262	  8	2	-0.2003122544	 0.70075598313	 0.1749052641399	 1.223072862e+00
15371	135597	  8	2	-0.1832645214	 0.70075598313	-0.6655107293581	-2.125955061e-01
17156	148092	  8	2	-1.7784584185	 0.70075598313	 0.0258902570043	-1.223958822e+00
22692	186844	  8	2	-1.5581845470	 0.70075598313	-0.8111599407078	-1.081605284e+00
11456	108192	  8	2	-0.6444056684	 0.70075598313	-1.0182313970743	-1.609357395e+00
 3674	 53718	  8	2	-2.0548329794	 0.70075598313	-0.0146662219245	-1.158526905e+00
 6350	 72450	  8	2	-0.1552028993	 0.70075598313	-0.3049677303215	 1.638717947e-01
 6382	 72674	  8	2	-1.6451068115	 0.70075598313	-0.5937810903167	-1.075896990e+00
14372	128604	  8	2	-0.3220947572	 0.70075598313	 0.1070347189251	 1.619008481e+00
 9237	 92659	  8	2	-0.5304779636	 0.70075598313	-0.8509667035375	-6.865340538e-02
17253	148771	  8	2	-2.1517473249	 0.70075598313	-1.0228323868783	-1.998940872e+00
23532	192724	  8	2	-0.8053828814	 0.70075598313	-1.5452499986483	-1.447618710e+00
10883	104181	  8	2	-2.4082323472	 0.70075598313	 0.2598471790403	-1.530064820e+00
 2175	 43225	  8	2	-0.7369753125	 0.70075598313	-0.2338675047565	-5.190567503e-01
19542	164794	  8	2	-1.8331787551	 0.70075598313	-0.6354669553864	-2.660619620e+00
 1443	 38101	  8	2	-1.0611452758	 0.70075598313	-1.1251140897404	-2.484404232e-01
15689	137823	  8	2	-0.5796487448	 0.70075598313	 0.5229823802819	-1.606631757e-02
 7672	 81704	  3	3	-0.8995972300	 0.75906926068	-0.5874190873564	-1.636560799e+00
10092	 98644	  3	3	 0.9093525621	 0.75906926068	 0.0884052258017	 9.241015742e-01
 1522	 38654	  3	3	-2.3057824904	 0.75906926068	-0.2121381885167	-1.806528914e+00
 9609	 95263	  3	3	-1.8190083032	 0.75906926068	-0.1935577556046	-2.715320451e+00
 1944	 41608	  3	3	-0.2817809287	 0.75906926068	-0.5038249317907	 2.499585459e-01
16762	145334	  3	3	-1.9265205338	 0.75906926068	-0.6689333117600	-2.446870546e+00
10841	103887	  3	3	-0.3118414675	 0.75906926068	-0.5506609471195	 4.237704295e-01
23775	194425	  3	3	-1.3756411910	 0.75906926068	-0.8127348141343	-1.935728746e+00
 2077	 42539	  3	3	-0.8740229645	 0.75906926068	-0.4631121941608	-5.696975411e-01
11973	111811	  3	3	-2.1174513296	 0.75906926068	-1.1833914092456	-2.906610937e+00
 7042	 77294	  3	3	-1.0307153674	 0.75906926068	-0.1712297044075	 5.746605346e-02
 1029	 35203	  3	3	-0.8365869934	 0.75906926068	-0.3433038303035	-6.262997081e-01
22668	186676	  3	3	-0.1540229325	 0.75906926068	-0.1660741253770	 1.728337120e-01
13154	120078	  3	3	-1.2186777639	 0.75906926068	-0.6393323875477	-1.779759512e-01
22518	185626	  3	3	 0.0975251810	 0.75906926068	-0.8718216501076	-7.211034793e-01
 4133	 56931	  3	3	-0.7886758801	 0.75906926068	-1.6676444135029	-2.544597855e+00
 3793	 54551	  3	3	-1.7824393704	 0.75906926068	-0.2929544695058	-1.897154226e+00
23465	192255	  3	3	-0.7877124450	 0.75906926068	 0.1343870129230	-3.351120775e-01
 4814	 61698	  3	3	-0.4462651724	 0.75906926068	-1.0931066739871	-9.782136787e-01
15760	138320	  6	3	-1.1412571366	 0.50300097559	 0.6392319902988	 2.949667971e-01
 5121	 63847	  6	3	-1.0824124208	 0.50300097559	 1.2324474940315	 5.810843415e-01
23238	190666	  6	3	-1.5707346355	 0.50300097559	-0.0650575366698	-2.118647574e+00
 6980	 76860	  6	3	-1.1654401594	 0.50300097559	 0.8181743729087	-6.667189660e-01
 5567	 66969	  6	3	-1.6368369127	 0.50300097559	 1.2209330489439	-3.302909793e-01
 3231	 50617	  6	3	 0.2964207833	 0.50300097559	 0.8017488533967	 1.644730226e+00
 4759	 61313	  6	3	-2.3626099120	 0.50300097559	 1.2267496315917	-2.283890932e+00
14127	126889	  6	3	 0.1669842230	 0.50300097559	 0.4898354995750	-2.615773062e-01
 2839	 47873	  6	3	-0.9961360382	 0.50300097559	 0.4045530932175	 3.700888317e-01
 7435	 80045	  6	3	 0.1918464802	 0.50300097559	 1.4181091626973	 2.237773748e+00
21359	177513	  6	3	-1.7892780904	 0.50300097559	 1.5634444804003	 2.000003958e-01
17942	153594	  6	3	-1.2079320903	 0.50300097559	 1.2771876514043	-3.375755524e-01
 3659	 53613	  6	3	-2.0970175361	 0.50300097559	 0.6630470133682	-2.193861391e+00
12976	118832	  6	3	-1.0155727912	 0.50300097559	 0.6872519857945	-5.532879358e-01
 8290	 86030	  6	3	-1.3637493563	 0.50300097559	 1.4612460299686	 1.041824407e+00
22608	186256	  6	3	-1.0653893167	 0.50300097559	 0.9180644921005	 6.066243580e-01
11642	109494	  6	3	-0.7389978272	 0.50300097559	 0.9094164684459	 1.597456829e+00
 6259	 71813	  6	3	 0.6522707771	 0.50300097559	 1.7262826782519	 4.198772499e+00
13613	123291	  6	3	-0.3346008694	 0.50300097559	 1.3851477735165	 2.876548425e+00
16635	144445	  9	3	 1.1022292381	 3.21468915557	 0.5449724164140	 5.462431795e+00
10266	 99862	  9	3	-0.5730714096	 3.21468915557	 0.4203138874914	 3.444504167e+00
 3573	 53011	  9	3	-0.4554753142	 3.21468915557	-0.0947529456386	 2.046442269e+00
15475	136325	  9	3	-0.5294059062	 3.21468915557	-0.0553707458223	 1.941227987e+00
 7914	 83398	  9	3	-0.8804296447	 3.21468915557	 0.2048795108088	 2.814360875e+00
12599	116193	  9	3	-0.9095426652	 3.21468915557	-0.8002701661056	 1.190645183e+00
15732	138124	  9	3	-1.3050206013	 3.21468915557	 0.5727991703180	 2.993441309e+00
12265	113855	  9	3	-0.8275696216	 3.21468915557	 0.1109749680265	 3.106736919e+00
14788	131516	  9	3	-0.1875218563	 3.21468915557	-1.0843096035454	 2.251854975e+00
22190	183330	  9	3	-1.0429403660	 3.21468915557	 0.2603213182829	 3.380971126e+00
 6049	 70343	  9	3	-1.7901141243	 3.21468915557	 0.3965877734126	 2.635362646e+00
 2002	 42014	  9	3	-2.8082604454	 3.21468915557	 0.2037753973813	 1.197450244e+00
13876	125132	  9	3	-1.3152000940	 3.21468915557	-0.5709953737373	 2.042114544e-01
23288	191016	  9	3	-0.1038675667	 3.21468915557	 0.3287006605047	 3.470354385e+00
17849	152943	  9	3	-0.6999569467	 3.21468915557	 0.3711016332552	 2.007157313e+00
12943	118601	  9	3	-1.7170709278	 3.21468915557	 0.1500471114449	 1.279259991e+00
17757	152299	  9	3	-0.3884040854	 3.21468915557	-0.4793258295056	 2.203865080e+00
 2753	 47271	  9	3	-0.6006485745	 3.21468915557	 0.0016342057303	 3.751492043e+00
 5360	 65520	  9	3	-0.3994618681	 3.21468915557	-0.7856540484280	 1.521475750e+00
10512	101584	  2	3	-0.9247834220	 2.05286944984	-0.3982960037897	 9.863717936e-01
11269	106883	  2	3	-1.5344087525	 2.05286944984	 0.0625516403630	-8.956644832e-01
 5832	 68824	  2	3	-1.6216583258	 2.05286944984	 0.1216359325909	 4.383728052e-01
22086	182602	  2	3	-0.6943216743	 2.05286944984	-1.0142923484216	 1.206664311e+00
16518	143626	  2	3	-0.1535747612	 2.05286944984	 0.0384551900965	 2.540310668e+00
16777	145439	  2	3	-0.2260785875	 2.05286944984	-0.0143665563212	 2.458346434e+00
16028	140196	  2	3	 0.3857394727	 2.05286944984	-0.5684001332247	 2.305795588e+00
 1131	 35917	  2	3	-2.1093358599	 2.05286944984	-0.3466123309891	-5.958491982e-01
 1135	 35945	  2	3	-2.1000789169	 2.05286944984	-0.8369352897680	-1.126493200e+00
  980	 34860	  2	3	-0.9492295458	 2.05286944984	-0.6673380745859	 1.220002941e+00
 8083	 84581	  2	3	 1.1641003412	 2.05286944984	-0.9998105014111	 2.245681020e+00
20353	170471	  2	3	 0.3644681304	 2.05286944984	 0.0558202505587	 3.167631870e+00
 7766	 82362	  2	3	-1.8244448284	 2.05286944984	 0.4178369273685	-6.269060007e-01
  492	 31444	  2	3	-0.4422780822	 2.05286944984	-1.4928835727385	 7.747534105e-01
 6054	 70378	  2	3	-0.7765336540	 2.05286944984	-0.7187999192647	 1.452284990e-01
   33	 28231	  2	3	-1.1775772298	 2.05286944984	 0.0465425186397	 2.306620700e+00
13480	122360	  2	3	-1.1966533059	 2.05286944984	 0.1533395230195	 3.220088366e+00
24913	202391	  2	3	-3.2436010632	 2.05286944984	-0.4937225157058	-3.064299158e-01
 5450	 66150	  2	3	-1.2304570004	 2.05286944984	-0.3118665187760	 7.835544759e-01
 7418	 79926	  4	3	-0.0248267255	 4.01816233061	-0.2647916698938	 2.857243275e+00
 7794	 82558	  4	3	-3.1987552169	 4.01816233061	-0.2543787081653	-5.588975489e-01
15264	134848	  4	3	 0.0818456840	 4.01816233061	 0.2206310716831	 2.975345992e+00
11429	108003	  4	3	-1.5350230662	 4.01816233061	-0.2702948760501	 3.377591596e+00
 9289	 93023	  4	3	-0.0541619267	 4.01816233061	 0.0761799712174	 4.116826830e+00
18073	154511	  4	3	-1.2680033054	 4.01816233061	-0.1709571723087	 3.031438319e+00
 1425	 37975	  4	3	-0.7371002552	 4.01816233061	-1.1340827709237	 2.110515063e+00
 7966	 83762	  4	3	-1.3536993742	 4.01816233061	 0.4902788971689	 3.719823867e+00
11903	111321	  4	3	-1.5332888656	 4.01816233061	-0.6619517114447	 2.359705946e+00
 1914	 41398	  4	3	-1.9573091855	 4.01816233061	 0.8842783302310	 2.830574212e+00
13023	119161	  4	3	-0.7341597201	 4.01816233061	 0.5937392407453	 2.912759294e+00
19510	164570	  4	3	-2.6383222529	 4.01816233061	 0.4665627758279	 2.043977444e+00
  243	 29701	  4	3	-2.1678226365	 4.01816233061	-0.2090140741170	 7.769062373e-01
11595	109165	  4	3	-0.4075681391	 4.01816233061	 0.6767593144856	 4.027295153e+00
 3589	 53123	  4	3	 0.6434464516	 4.01816233061	 0.0409441511686	 5.301500629e+00
 7363	 79541	  4	3	-0.0784042672	 4.01816233061	-0.8300027022112	 2.944992112e+00
14031	126217	  4	3	-0.0904996174	 4.01816233061	 0.5953724533767	 5.080468602e+00
21417	177919	  4	3	-1.8639187483	 4.01816233061	-1.1259896105216	 2.802379813e+00
23537	192759	  4	3	-0.4826690582	 4.01816233061	 0.4295289010692	 4.481307903e+00
13208	120456	  8	3	-1.5733781059	 0.70075598313	-0.6379147517715	-2.169325836e+00
18107	154749	  8	3	-1.7093134477	 0.70075598313	-0.4051501992615	-2.190812961e+00
  975	 34825	  8	3	-1.8872965065	 0.70075598313	-0.2573710989333	-1.288588338e+00
13116	119812	  8	3	-0.6577101826	 0.70075598313	-0.7893303780018	-1.433806183e+00
19141	161987	  8	3	-0.0284908768	 0.70075598313	-0.9524871117943	-2.659801053e-01
 4421	 58947	  8	3	 0.2658376017	 0.70075598313	-0.8578059092670	-6.442964019e-01
23557	192899	  8	3	 0.4723045939	 0.70075598313	 0.7384444645111	 2.597898057e+00
 6891	 76237	  8	3	-2.5634295730	 0.70075598313	-1.5656487161158	-1.894045969e+00
 7299	 79093	  8	3	-0.9321485480	 0.70075598313	-0.3977496874663	-1.481235810e+00
 2572	 46004	  8	3	-0.6130975352	 0.70075598313	-1.0638269000952	-1.463714826e+00
18346	156422	  8	3	-1.3528161459	 0.70075598313	 0.5189570738483	 1.921139130e-02
10011	 98077	  8	3	-2.0979800238	 0.70075598313	-0.1647229091914	-1.857447109e+00
 1943	 41601	  8	3	-1.1927794431	 0.70075598313	 0.5695784595563	-1.305728220e+00
 3307	 51149	  8	3	-1.5206642209	 0.70075598313	 0.3751721183812	 2.377149513e-01
23280	190960	  8	3	-1.0957831955	 0.70075598313	-0.0516942963016	-3.921478317e-01
23692	193844	  8	3	-0.3340610623	 0.70075598313	-0.2567188283742	 5.654932837e-01
 6971	 76797	  8	3	-0.3155683850	 0.70075598313	-0.1240688421650	-5.529142494e-01
23017	189119	  8	3	-1.7364750632	 0.70075598313	-0.5871878394899	-2.685250539e+00
 5837	 68859	  8	3	-1.7213462997	 0.70075598313	 0.7015709775029	-1.085163004e+00
13304	121128	  7	3	-1.2809933609	 0.95504467841	 0.9452444067946	 7.616317583e-01
 5930	 69510	  7	3	-0.6538911142	 0.95504467841	 0.3643575311056	-2.217198276e-01
20311	170177	  7	3	-0.3582684196	 0.95504467841	 0.6703810089669	 1.044248557e+00
 9241	 92687	  7	3	-1.6646486552	 0.95504467841	 1.4155326639158	-7.164318142e-02
 2536	 45752	  7	3	-3.1369986758	 0.95504467841	 1.2895784936634	 5.724901088e-02
 3154	 50078	  7	3	-2.8595422043	 0.95504467841	-0.0735176353194	-1.019063033e+00
 7504	 80528	  7	3	-0.9403361350	 0.95504467841	 0.0238521093917	-5.122840343e-01
16901	146307	  7	3	 1.5874459666	 0.95504467841	 0.9657508322639	 2.487291867e+00
10697	102879	  7	3	-0.7920145513	 0.95504467841	 1.1027439067646	 2.552030305e-01
 4386	 58702	  7	3	-0.9090407762	 0.95504467841	 0.9915441731515	 1.527094707e+00
13824	124768	  7	3	-1.9640797336	 0.95504467841	 1.0115659269012	-2.074023175e-01
10891	104237	  7	3	-2.7669455354	 0.95504467841	 0.4396666415907	-2.056843822e+00
16160	141120	  7	3	-1.0555201505	 0.95504467841	 0.7359437700184	 1.419843127e+00
 3183	 50281	  7	3	-0.7786852897	 0.95504467841	 0.3285041788153	 1.571081019e+00
 4157	 57099	  7	3	-1.1430413661	 0.95504467841	 0.8938799924586	-1.335650324e-01
16040	140280	  7	3	 0.6779002442	 0.95504467841	 0.5165607629842	 2.212919594e+00
13955	125685	  7	3	-1.1311299633	 0.95504467841	-0.4216509673539	-7.055603429e-01
 3086	 49602	  7	3	-1.3444398172	 0.95504467841	 1.4411737298855	 5.585045369e-01
 3606	 53242	  7	3	-0.4500940465	 0.95504467841	 0.1108758914629	 5.426281142e-01
 6681	 74767	 10	3	-0.9900858430	 4.00580309099	 0.2026387267502	 2.301771798e+00
 9507	 94549	 10	3	-1.1634288211	 4.00580309099	 0.3954739826652	 2.661845991e+00
12217	113519	 10	3	-0.0626276816	 4.00580309099	-0.5344169149943	 2.721759575e+00
14541	129787	 10	3	-0.2520903308	 4.00580309099	-1.0784006153950	 4.160489463e+00
23749	194243	 10	3	-1.0379081241	 4.00580309099	-1.1657582761542	 2.446145481e+00
15744	138208	 10	3	-1.6847789180	 4.00580309099	-0.5712599522449	 2.296783572e+00
24378	198646	 10	3	-1.2806412688	 4.00580309099	 0.5068985380103	 1.825320301e+00
 2816	 47712	 10	3	-1.2321897331	 4.00580309099	-1.1027114941749	 3.176684738e+00
18356	156492	 10	3	 0.2885225269	 4.00580309099	-0.0341850572717	 5.230127865e+00
 8184	 85288	 10	3	 1.4177149012	 4.00580309099	-0.8230448507123	 4.664530712e+00
 1023	 35161	 10	3	-0.4793777627	 4.00580309099	-1.6368111524385	 1.518263611e+00
20608	172256	 10	3	-1.9495730357	 4.00580309099	 0.6254928431972	 2.495895830e+00
19133	161931	 10	3	-0.0774744370	 4.00580309099	-0.0214598339307	 4.026786144e+00
15971	139797	 10	3	-1.1264680619	 4.00580309099	-0.6188786353946	 2.703113164e+00
 6254	 71778	 10	3	 0.6812213322	 4.00580309099	 0.3572563428851	 5.127675385e+00
 9122	 91854	 10	3	-0.5650111546	 4.00580309099	-0.6645274612298	 2.816154307e+00
14334	128338	 10	3	 0.9750432694	 4.00580309099	 0.2267792149800	 4.173363858e+00
 5587	 67109	 10	3	-1.2321948749	 4.00580309099	-0.0049611367397	 2.511244866e+00
22739	187173	 10	3	-1.3346847693	 4.00580309099	-0.8082800369507	 2.858016235e+00
16346	142422	  1	3	-1.2118527553	-3.50165372016	-1.3806616866910	-6.615966114e+00
22244	183708	  1	3	-0.1187159846	-3.50165372016	-2.2506921943681	-6.054084554e+00
23953	195671	  1	3	-0.8701471430	-3.50165372016	-1.6366277047604	-6.126663895e+00
12663	116641	  1	3	-1.4582467711	-3.50165372016	-0.4451475866059	-4.744832940e+00
23954	195678	  1	3	-1.3616025425	-3.50165372016	-0.6178403342944	-5.356207829e+00
 5075	 63525	  1	3	 0.4651756909	-3.50165372016	-1.4376260977866	-4.114814116e+00
 1893	 41251	  1	3	-2.0389753718	-3.50165372016	-2.1399441825737	-6.699382807e+00
 3493	 52451	  1	3	-0.0339381208	-3.50165372016	-0.5912560051161	-4.400310832e+00
 1921	 41447	  1	3	-1.6294057801	-3.50165372016	-1.0951681465011	-6.269458457e+00
16513	143591	  1	3	-1.1809340972	-3.50165372016	-0.9304421326589	-4.726591717e+00
13472	122304	  1	3	 0.6111451000	-3.50165372016	-0.8563403875622	-4.455138173e+00
17014	147098	  1	3	-0.3726818348	-3.50165372016	-2.2300955048413	-4.731084483e+00
16246	141722	  1	3	-0.8702113291	-3.50165372016	-1.5865125989153	-6.222918108e+00
 4594	 60158	  1	3	 0.9706695242	-3.50165372016	-0.9455679313186	-3.996741542e+00
13280	120960	  1	3	-1.1846622575	-3.50165372016	-0.5589195048008	-5.924562832e+00
20403	170821	  1	3	 0.1481762745	-3.50165372016	-1.9041975493962	-5.493418155e+00
18456	157192	  1	3	 0.0956263596	-3.50165372016	-0.7554509122675	-3.360433594e+00
23934	195538	  1	3	-1.5590768187	-3.50165372016	-0.0921724757676	-5.148796266e+00
11749	110243	  1	3	-2.6334676562	-3.50165372016	-0.1281948784204	-6.166917709e+00
 5317	 65219	  5	3	-0.1481710687	-2.80175122898	 0.5309858372846	-2.479692335e+00
 3408	 51856	  5	3	 0.3702085712	-2.80175122898	-0.2072398276260	-1.995990564e+00
 9488	 94416	  5	3	-0.7027398744	-2.80175122898	 0.2059041024557	-2.765644170e+00
12012	112084	  5	3	-1.6527581320	-2.80175122898	 1.2405491754047	-1.972701677e+00
 8914	 90398	  5	3	-1.7896989250	-2.80175122898	 0.7648410667647	-3.007951125e+00
18999	160993	  5	3	-2.3109546029	-2.80175122898	 1.1836113664668	-4.256854973e+00
21151	176057	  5	3	-1.4041002210	-2.80175122898	 0.0650981681632	-3.842786056e+00
 5483	 66381	  5	3	-0.1216989466	-2.80175122898	-0.2785998864852	-4.444432056e+00
 4527	 59689	  5	3	 0.0935921956	-2.80175122898	-0.3662300786101	-4.046926564e+00
24094	196658	  5	3	-1.4670590599	-2.80175122898	 0.8563606929598	-4.695978493e+00
 9837	 96859	  5	3	-2.2102277087	-2.80175122898	 0.1861473064745	-3.908508412e+00
24498	199486	  5	3	-0.7717771130	-2.80175122898	 1.0755201636092	-1.985218124e+00
16531	143717	  5	3	-1.2089381781	-2.80175122898	 0.4647571293818	-2.995653015e+00
14481	129367	  5	3	-2.1805786482	-2.80175122898	 0.3752207077860	-4.890629573e+00
 7768	 82376	  5	3	-1.1283147653	-2.80175122898	-0.3378728882270	-2.925066004e+00
 5766	 68362	  5	3	-0.4133034334	-2.80175122898	 0.0139634513695	-2.946074324e+00
13090	119630	  5	3	-0.6097588482	-2.80175122898	 0.2070531181474	-3.538403667e+00
10002	 98014	  5	3	-2.3989988155	-2.80175122898	 0.3357984162915	-5.204567840e+00
22819	187733	  5	3	-0.9706161837	-2.80175122898	-0.5071034394025	-4.083663848e+00
10356	100492	  5	4	-1.9927975712	-2.80175122898	-0.0323901079051	-4.261899175e+00
17341	149387	  5	4	-0.2792012877	-2.80175122898	 0.9186027463285	-2.603754522e+00
 7602	 81214	  5	4	 0.0305108280	-2.80175122898	 0.5050005602782	-1.017468193e+00
23130	189910	  5	4	-1.1479581963	-2.80175122898	 1.2403752817794	-1.860545136e+00
20686	172802	  5	4	-2.9357473437	-2.80175122898	-0.7918909483641	-7.233853695e+00
22766	187362	  5	4	-1.1133632024	-2.80175122898	 0.0092994536711	-3.553149723e+00
16832	145824	  5	4	-0.9894195703	-2.80175122898	-0.3866249706496	-4.617682070e+00
 2448	 45136	  5	4	 0.1372145807	-2.80175122898	 0.6408115604103	-2.048686742e+00
18617	158319	  5	4	-0.7170801352	-2.80175122898	 1.2022017373677	-2.743085768e+00
12158	113106	  5	4	-1.2141897195	-2.80175122898	 0.3779497540568	-3.606692382e+00
 8559	 87913	  5	4	-0.1776362220	-2.80175122898	 0.2418332842072	-3.045609262e+00
 1123	 35861	  5	4	-1.6091083989	-2.80175122898	 1.0454885827382	-3.326229744e+00
 4681	 60767	  5	4	-0.0580356983	-2.80175122898	 0.0525978157847	-3.787601423e+00
 2389	 44723	  5	4	-1.2617096886	-2.80175122898	 1.4047335783249	-3.522460541e+00
18643	158501	  5	4	-0.3864082411	-2.80175122898	 0.2516369720343	-3.451352034e+00
 8355	 86485	  5	4	-2.2980318963	-2.80175122898	 1.1123152719429	-3.741061840e+00
 1858	 41006	  5	4	-1.0878463723	-2.80175122898	 0.0359519016764	-5.356845938e+00
 6852	 75964	  5	4	-0.5056626168	-2.80175122898	 0.5666881024940	-2.139085499e+00
18577	158039	  5	4	-0.8695042629	-2.80175122898	-0.0266573770829	-3.654233912e+00
 5298	 65086	  4	4	-0.4045091414	 4.01816233061	-0.3891643818142	 2.732276298e+00
13868	125076	  4	4	-0.9630411721	 4.01816233061	 0.3759714267951	 2.955173595e+00
22985	188895	  4	4	-0.1017863668	 4.01816233061	 0.0120606060281	 2.844748569e+00
21810	180670	  4	4	-1.4759373334	 4.01816233061	 0.3675716272544	 3.333768223e+00
12742	117194	  4	4	-1.2771310889	 4.01816233061	-0.1124304740078	 2.055341932e+00
10965	104755	  4	4	-0.9113949125	 4.01816233061	-0.8465871456643	 1.656367002e+00
 5021	 63147	  4	4	-0.4021980110	 4.01816233061	-0.6742570879479	 2.570325499e+00
12162	113134	  4	4	-0.8267046702	 4.01816233061	 0.8065568303338	 3.022039586e+00
21189	176323	  4	4	-1.8227273498	 4.01816233061	 0.1795408691084	 2.980316268e+00
14084	126588	  4	4	-1.4408125266	 4.01816233061	-1.0860114047178	 1.033993910e+00
 6120	 70840	  4	4	-0.0151928044	 4.01816233061	 0.2599554585253	 5.492311565e+00
  189	 29323	  4	4	-2.3333205185	 4.01816233061	-0.0991326694755	 9.711987840e-01
11743	110201	  4	4	-2.1716491152	 4.01816233061	 0.6776519374334	 2.205388236e+00
15028	133196	  4	4	-0.1961501994	 4.01816233061	 0.3389331818269	 5.110468207e+00
20934	174538	  4	4	-0.3631177530	 4.01816233061	 0.0665088723893	 3.647095101e+00
18534	157738	  4	4	 0.1449742879	 4.01816233061	 0.6818745129931	 6.090017786e+00
 2169	 43183	  4	4	-3.2311646882	 4.01816233061	-0.0669749510893	 8.746770103e-01
 8893	 90251	  4	4	-0.2310919486	 4.01816233061	-0.9053559723052	 3.145629590e+00
18406	156842	  4	4	-1.5105000356	 4.01816233061	 0.5812205902258	 4.001252629e+00
16635	144445	  2	4	 1.1022292381	 2.05286944984	-0.4810074956979	 4.373726314e+00
10266	 99862	  2	4	-0.5730714096	 2.05286944984	-0.9596412998093	 1.087429029e+00
 3573	 53011	  2	4	-0.4554753142	 2.05286944984	-0.1970122792971	 8.765392496e-01
15475	136325	  2	4	-0.5294059062	 2.05286944984	-0.4539409910088	 1.675346129e+00
 7914	 83398	  2	4	-0.8804296447	 2.05286944984	-1.3535324803242	 3.238930302e-01
12599	116193	  2	4	-0.9095426652	 2.05286944984	-0.2130941461831	 1.273947714e-02
15732	138124	  2	4	-1.3050206013	 2.05286944984	-0.6466017940157	 7.072295853e-02
12265	113855	  2	4	-0.8275696216	 2.05286944984	-0.0304182273613	 3.464647179e+00
14788	131516	  2	4	-0.1875218563	 2.05286944984	 0.1160226315252	 2.415902196e+00
22190	183330	  2	4	-1.0429403660	 2.05286944984	-0.1195764673663	 1.540225167e+00
 6049	 70343	  2	4	-1.7901141243	 2.05286944984	-0.1084848128444	 2.732937358e-01
 2002	 42014	  2	4	-2.8082604454	 2.05286944984	 0.2502578164996	-8.280896720e-01
13876	125132	  2	4	-1.3152000940	 2.05286944984	 0.4477559731728	 1.392062855e+00
23288	191016	  2	4	-0.1038675667	 2.05286944984	-0.6087057591382	-5.611327338e-02
17849	152943	  2	4	-0.6999569467	 2.05286944984	-0.3933621470107	 7.903609250e-01
12943	118601	  2	4	-1.7170709278	 2.05286944984	-0.8405663481931	 7.885254322e-01
17757	152299	  2	4	-0.3884040854	 2.05286944984	-0.3094203652190	 1.478321568e+00
 2753	 47271	  2	4	-0.6006485745	 2.05286944984	-0.3290309692062	 4.428488637e-01
 5360	 65520	  2	4	-0.3994618681	 2.05286944984	 0.0338906988844	 4.623218586e-01
21592	179144	  1	4	-1.2269461015	-3.50165372016	-0.4942519510065	-5.798455236e+00
 8868	 90076	  1	4	-0.8868014515	-3.50165372016	-1.1479859504799	-4.720202958e+00
19776	166432	  1	4	 0.1412527143	-3.50165372016	-1.3570890648670	-5.610822764e+00
13772	124404	  1	4	-1.2734213931	-3.50165372016	-0.9228054049772	-5.551845921e+00
 3731	 54117	  1	4	-3.3992835843	-3.50165372016	-1.0408930429613	-8.352704448e+00
24441	199087	  1	4	-1.1467252156	-3.50165372016	-1.4594778153418	-6.302694224e+00
13359	121513	  1	4	-2.1421424878	-3.50165372016	-0.9453802609210	-6.338910687e+00
15241	134687	  1	4	-1.1924365797	-3.50165372016	-1.5757907128920	-5.350673579e+00
 4822	 61754	  1	4	-1.8986163080	-3.50165372016	-0.6465557772074	-7.219920806e+00
15513	136591	  1	4	-1.8194677019	-3.50165372016	-0.6258214125802	-4.120807888e+00
 7802	 82614	  1	4	 0.0031888337	-3.50165372016	-1.4177695332788	-5.774529811e+00
19730	166110	  1	4	-0.8537086482	-3.50165372016	-0.9763018901034	-4.233417294e+00
 1742	 40194	  1	4	-1.1119065507	-3.50165372016	-1.4873814329815	-5.833280566e+00
10872	104104	  1	4	-1.1738118784	-3.50165372016	-0.7641466720904	-4.404813674e+00
24138	196966	  1	4	-1.4515576185	-3.50165372016	-1.1567773291941	-4.514996111e+00
 7926	 83482	  1	4	 0.2405367418	-3.50165372016	-1.4615977260107	-5.800239808e+00
10236	 99652	  1	4	-1.3296321713	-3.50165372016	-0.9592956703161	-5.513075364e+00
 4231	 57617	  1	4	 0.1098650381	-3.50165372016	-0.9955263514777	-5.826649607e+00
 8958	 90706	  1	4	-1.8549771951	-3.50165372016	-1.2302775261823	-5.853167922e+00
 6827	 75789	  3	4	-0.0403257096	 0.75906926068	-0.2553959785714	 2.246839178e-01
13948	125636	  3	4	-0.5805125704	 0.75906926068	 0.2650210698384	-2.411130428e-01
 5037	 63259	  3	4	-0.4260909954	 0.75906926068	-1.5707985316369	-1.706376907e+00
 2667	 46669	  3	4	-1.8478428607	 0.75906926068	-1.1626154560890	-2.399929511e+00
16324	142268	  3	4	-2.2689151404	 0.75906926068	-0.8107440706900	-1.503814459e+00
15799	138593	  3	4	-0.5708367555	 0.75906926068	-0.7571664952528	 4.948230145e-01
24536	199752	  3	4	-1.3014065526	 0.75906926068	-1.3627646779652	-2.198212734e+00
20473	171311	  3	4	-0.7066309284	 0.75906926068	-1.3617748842508	-1.411272442e+00
24440	199080	  3	4	-0.9431930865	 0.75906926068	-0.5740692468416	-5.156874997e-01
  870	 34090	  3	4	-1.7669013997	 0.75906926068	-0.3045502213191	-2.305365307e+00
21033	175231	  3	4	-0.3956148803	 0.75906926068	-1.0946000371733	 1.140273622e+00
17692	151844	  3	4	-1.4666124356	 0.75906926068	-0.9322903759249	-1.519458550e+00
 4258	 57806	  3	4	-1.5646230815	 0.75906926068	-1.1637344517000	-1.901944366e+00
 2447	 45129	  3	4	 0.2938266254	 0.75906926068	-1.0820106787159	-1.862618177e+00
19596	165172	  3	4	-3.2430308930	 0.75906926068	-0.0796183463743	-1.201208942e+00
 7972	 83804	  3	4	-1.7634355116	 0.75906926068	-0.5846941043477	-1.837053917e+00
 5201	 64407	  3	4	-1.5775930498	 0.75906926068	-0.0002693350215	-1.341947991e-01
23612	193284	  3	4	-1.2634006537	 0.75906926068	-1.0645829393496	-1.502480455e+00
 2060	 42420	  3	4	-0.4455301097	 0.75906926068	 0.3962018972423	 1.052537092e+00
14037	126259	 10	4	-0.0990842869	 4.00580309099	-0.7680640018152	 2.976858727e+00
21703	179921	 10	4	-1.1687778794	 4.00580309099	-0.3534776580318	 1.654006642e+00
19541	164787	 10	4	-1.1160296234	 4.00580309099	-0.0800446385171	 2.689421320e+00
 3900	 55300	 10	4	-0.9446629261	 4.00580309099	 0.1994771291052	 2.220520143e+00
21768	180376	 10	4	-1.3301466922	 4.00580309099	-0.9812674967407	 2.497216405e+00
16973	146811	 10	4	-1.4352400834	 4.00580309099	-0.2663811888095	 1.670394891e+00
15761	138327	 10	4	-0.5324749264	 4.00580309099	-0.4223188654465	 3.381970850e+00
12802	117614	 10	4	-2.2124581913	 4.00580309099	-0.5190171214206	 1.370853278e+00
 7467	 80269	 10	4	-1.0931630224	 4.00580309099	-0.6362327259822	 2.032252918e+00
13249	120743	 10	4	-2.1738638232	 4.00580309099	-0.3633376737021	 9.722440034e-01
  813	 33691	 10	4	-1.8332416467	 4.00580309099	-0.2239740570535	 6.998357435e-01
  745	 33215	 10	4	-0.8391128558	 4.00580309099	-0.2862882220159	 3.164663862e+00
23078	189546	 10	4	-1.8432918579	 4.00580309099	 0.2051420931760	 2.244515587e+00
 3091	 49637	 10	4	-1.9880368355	 4.00580309099	 0.1564697396733	 2.722599032e+00
13215	120505	 10	4	-2.1569315867	 4.00580309099	-1.3831023809105	 2.751015612e+00
  262	 29834	 10	4	-0.1932745904	 4.00580309099	-0.5191598960746	 3.166273955e+00
10573	102011	 10	4	-0.5997447295	 4.00580309099	 0.2909114268841	 4.089262968e+00
16175	141225	 10	4	-2.0293289297	 4.00580309099	 0.5758359980429	 1.809450982e+00
 7735	 82145	 10	4	-0.0959993436	 4.00580309099	-0.0383275211351	 5.121597130e+00
 1905	 41335	  9	4	-1.0011530482	 3.21468915557	-0.1347155446474	 1.684850220e+00
17081	147567	  9	4	 0.1374907958	 3.21468915557	 0.1705397743091	 4.342386850e+00
10298	100086	  9	4	-0.2005834141	 3.21468915557	 0.0176891734348	 2.916316352e+00
18680	158760	  9	4	-1.4245286176	 3.21468915557	 0.2246916495142	 2.708681938e+00
 4793	 61551	  9	4	-1.6529817233	 3.21468915557	 0.0226849353544	 8.007278856e-01
17172	148204	  9	4	-0.6124716425	 3.21468915557	-0.6188656491310	 1.576727274e+00
10348	100436	  9	4	-0.8220853873	 3.21468915557	-0.5751349690924	 1.265628493e+00
 9105	 91735	  9	4	 0.9042951577	 3.21468915557	 0.5951451215395	 4.619703981e+00
  888	 34216	  9	4	-0.5576713215	 3.21468915557	-1.2950550385709	 8.716998286e-01
 1298	 37086	  9	4	-0.8963490841	 3.21468915557	 1.0675893728356	 4.319450123e+00
15237	134659	  9	4	-0.8976037640	 3.21468915557	-0.0416000186595	 2.504298168e+00
14120	126840	  9	4	-1.0093853822	 3.21468915557	-0.9155979446146	 2.018651939e+00
 5916	 69412	  9	4	-0.8821481976	 3.21468915557	 0.1669711464230	 2.988776941e+00
15105	133735	  9	4	-1.3792697980	 3.21468915557	 0.2593505878074	 2.716228463e+00
 2714	 46998	  9	4	-1.5337308400	 3.21468915557	 1.2820697240817	 3.586177179e+00
16014	140098	  9	4	-0.6887182438	 3.21468915557	-0.0980268183337	 2.742118866e+00
20466	171262	  9	4	-0.2166037291	 3.21468915557	 0.7579374179230	 3.080457343e+00
14368	128576	  9	4	-0.4161707764	 3.21468915557	 0.6849953897098	 2.579715260e+00
 8263	 85841	  9	4	-2.7661507911	 3.21468915557	 0.0313635243791	 1.282770379e+00
 6681	 74767	  6	4	-0.9900858430	 0.50300097559	 1.8701065190198	-2.710512204e-01
 9507	 94549	  6	4	-1.1634288211	 0.50300097559	 1.0425523708501	 1.239468750e+00
12217	113519	  6	4	-0.0626276816	 0.50300097559	 1.8649643141239	 5.305479549e-01
14541	129787	  6	4	-0.2520903308	 0.50300097559	 0.8182273976665	 1.394072770e+00
23749	194243	  6	4	-1.0379081241	 0.50300097559	 1.0986295775766	 1.120509658e+00
15744	138208	  6	4	-1.6847789180	 0.50300097559	 1.3836492874202	 9.669486189e-01
24378	198646	  6	4	-1.2806412688	 0.50300097559	 0.4563659635576	-5.872013782e-01
 2816	 47712	  6	4	-1.2321897331	 0.50300097559	 0.6203547104119	-9.695345537e-01
18356	156492	  6	4	 0.2885225269	 0.50300097559	 0.9716539199592	 3.163056402e+00
 8184	 85288	  6	4	 1.4177149012	 0.50300097559	 1.3988226494477	 4.551040681e+00
 1023	 35161	  6	4	-0.4793777627	 0.50300097559	 1.3603887486009	 8.269332702e-01
20608	172256	  6	4	-1.9495730357	 0.50300097559	 1.2094028828002	-1.656954251e+00
19133	161931	  6	4	-0.0774744370	 0.50300097559	 0.9307160237653	 8.046337514e-01
15971	139797	  6	4	-1.1264680619	 0.50300097559	 0.9917921441298	 2.080505668e+00
 6254	 71778	  6	4	 0.6812213322	 0.50300097559	 1.1336625017476	 3.616811750e+00
 9122	 91854	  6	4	-0.5650111546	 0.50300097559	 1.4124906258932	 2.328213157e+00
14334	128338	  6	4	 0.9750432694	 0.50300097559	 1.7564747028876	 8.072173221e-01
 5587	 67109	  6	4	-1.2321948749	 0.50300097559	 0.4359261332815	 3.653264053e-01
22739	187173	  6	4	-1.3346847693	 0.50300097559	 1.1322320321556	 8.019406726e-01
 9479	 94353	  7	4	-0.8182607378	 0.95504467841	-0.3021322784698	-7.387583870e-01
 5210	 64470	  7	4	-0.4213405160	 0.95504467841	 0.7644335611498	 8.184460268e-02
12786	117502	  7	4	-0.1804171403	 0.95504467841	 1.9356085955306	 2.525824384e+00
 3661	 53627	  7	4	-1.2105928517	 0.95504467841	 0.7538310402732	 1.099911872e+00
19441	164087	  7	4	-1.8009441015	 0.95504467841	 0.6726287414918	-1.364984831e+00
24770	201390	  7	4	-2.4352357765	 0.95504467841	 0.8266139769704	-1.332619031e+00
21983	181881	  7	4	 0.2685093973	 0.95504467841	 0.8961999106372	 2.153984444e+00
21595	179165	  7	4	-0.6843481642	 0.95504467841	 1.2863438716677	 1.269705949e+00
 4965	 62755	  7	4	-0.6014252710	 0.95504467841	 0.9841972465821	 1.635246090e+00
  231	 29617	  7	4	-2.0711303828	 0.95504467841	 1.1414712774974	 7.383010928e-01
21237	176659	  7	4	-1.7273204342	 0.95504467841	 0.3924314950040	-9.471602447e-01
18613	158291	  7	4	-2.0589685387	 0.95504467841	 0.9590495552352	 4.767659845e-01
18752	159264	  7	4	-0.2992156602	 0.95504467841	 0.6094757654569	 7.062937964e-01
14246	127722	  7	4	-1.0982056077	 0.95504467841	-0.6258473835082	-2.614367527e+00
13693	123851	  7	4	-1.8958840056	 0.95504467841	 1.3868188474247	 1.019535319e+00
10469	101283	  7	4	-1.7410922909	 0.95504467841	 1.1286732367566	 5.105153967e-01
13790	124530	  7	4	-0.3029968595	 0.95504467841	 1.0222188502209	 1.673714089e+00
11345	107415	  7	4	-1.3361378511	 0.95504467841	 0.9714445014017	-1.277667751e-01
  765	 33355	  7	4	-1.3441321076	 0.95504467841	 0.5228003423704	-1.568178116e+00
21528	178696	  8	4	-0.9694237742	 0.70075598313	 0.3122332356721	 2.696408669e-01
  123	 28861	  8	4	-2.2831803407	 0.70075598313	-0.6608840566089	-2.276564438e+00
10020	 98140	  8	4	-0.3520504226	 0.70075598313	-0.5277854816186	 6.142667407e-01
 7620	 81340	  8	4	 0.4197526586	 0.70075598313	-0.0066884189152	 3.384784446e+00
13980	125860	  8	4	-2.0418851023	 0.70075598313	 0.2096254859923	-9.327799826e-01
22478	185346	  8	4	-0.4322005052	 0.70075598313	-0.4526706104548	-2.678479522e-01
 9524	 94668	  8	4	-1.0130161315	 0.70075598313	-0.8628496827606	-1.303246288e+00
14563	129941	  8	4	-0.4066978692	 0.70075598313	-0.6085665022719	-1.275620182e+00
 5257	 64799	  8	4	-0.2376113050	 0.70075598313	 0.0189373706215	 8.856126127e-01
14876	132132	  8	4	-1.0127054026	 0.70075598313	-0.7036109358162	-9.891325452e-01
18010	154070	  8	4	-0.8115612577	 0.70075598313	-0.1135559666240	 1.701298175e-01
 5095	 63665	  8	4	-0.7828849627	 0.70075598313	-0.3278831946467	-1.007149000e+00
 3186	 50302	  8	4	-2.9186664685	 0.70075598313	-0.5103097226133	-1.939803356e+00
15340	135380	  8	4	-2.8935750085	 0.70075598313	-0.8688929154601	-2.437301783e+00
 1548	 38836	  8	4	-1.6629099142	 0.70075598313	-0.9497943808284	-1.268886779e+00
23111	189777	  8	4	 0.2988298834	 0.70075598313	 0.0705031910899	 1.050834487e+00
24491	199437	  8	4	-0.3827791920	 0.70075598313	-0.2571134870368	-7.079081179e-01
22102	182714	  8	4	-1.3880386026	 0.70075598313	-0.2616223600608	 1.099743638e-01
13035	119245	  8	4	-1.3421721979	 0.70075598313	 0.5880023911030	-7.956735253e-01
